Assets/TerrainData/appRasterSelectAPIService1698152981436-1529073153.asc
ncols        192
nrows        77
xllcorner    7.992083333291
yllcorner    46.397083333336
cellsize     0.000833333333
NODATA_value 0
[rows 38 to 75 of 77, columns 84 to 167 of 192]
2159 2161 2167 2176 2183 2184 2188 2190 2193 2195 2196 2195 2196 2198 2198 2199 2200 2201 2218 2252 2279 2301 2330 2345 2363 2391 2424 2466 2502 2534 2565 2602 2635 2672 2700 2735 2774 2816 2834 2787 2729 2710 2701 2678 2648 2622 2602 2595 2581 2555 2527 2500 2465 2442 2429 2426 2422 2412 2384 2372 2364 2354 2340 2313 2286 2254 2220 2181 2150 2118 2079 2043 2002 1953 1913 1873 1837 1793 1751 1710 1670 1622 1567 1516
2149 2152 2158 2165 2170 2177 2180 2183 2185 2185 2187 2188 2188 2190 2188 2189 2201 2223 2253 2284 2308 2338 2360 2373 2389 2418 2460 2486 2516 2540 2567 2600 2633 2672 2714 2756 2810 2847 2844 2804 2748 2727 2696 2667 2635 2614 2598 2584 2564 2542 2520 2497 2476 2462 2454 2444 2428 2407 2377 2349 2330 2315 2302 2287 2265 2234 2204 2169 2131 2091 2047 2010 1966 1925 1882 1841 1804 1767 1724 1689 1648 1616 1577 1531
2144 2148 2155 2159 2163 2169 2173 2174 2176 2180 2181 2179 2178 2179 2183 2201 2228 2261 2291 2321 2348 2371 2390 2409 2430 2450 2482 2511 2531 2551 2573 2601 2639 2683 2738 2793 2838 2863 2847 2798 2745 2698 2664 2637 2607 2591 2576 2569 2552 2533 2519 2509 2494 2473 2452 2435 2413 2390 2356 2319 2296 2277 2271 2265 2249 2217 2181 2142 2112 2075 2039 1999 1959 1927 1904 1870 1830 1779 1740 1710 1667 1631 1598 1558
2141 2147 2154 2154 2154 2159 2164 2167 2170 2170 2169 2169 2169 2183 2206 2234 2263 2287 2312 2346 2378 2415 2440 2458 2468 2485 2503 2519 2537 2558 2583 2614 2651 2686 2745 2807 2855 2858 2818 2790 2716 2657 2636 2609 2581 2566 2557 2549 2535 2522 2510 2498 2475 2451 2423 2401 2376 2353 2325 2294 2266 2243 2235 2227 2216 2190 2151 2113 2087 2058 2037 2006 1966 1926 1897 1870 1835 1801 1773 1736 1694 1667 1625 1584
2141 2142 2147 2149 2152 2152 2153 2155 2155 2154 2153 2158 2177 2204 2234 2264 2284 2301 2325 2361 2414 2449 2469 2487 2504 2517 2529 2540 2556 2581 2606 2635 2662 2707 2768 2820 2835 2816 2773 2741 2692 2647 2621 2592 2560 2542 2532 2513 2497 2480 2465 2448 2432 2407 2383 2356 2333 2308 2286 2260 2233 2209 2191 2179 2171 2155 2127 2091 2059 2029 2002 1966 1935 1902 1878 1855 1831 1807 1781 1748 1723 1677 1630 1584
2137 2139 2140 2142 2143 2144 2143 2143 2142 2138 2143 2163 2194 2226 2250 2273 2296 2327 2363 2409 2453 2489 2503 2523 2532 2538 2550 2569 2586 2604 2631 2656 2689 2732 2767 2760 2735 2709 2680 2664 2656 2631 2608 2580 2550 2523 2508 2489 2465 2439 2421 2402 2381 2359 2334 2307 2287 2263 2239 2214 2196 2165 2144 2126 2111 2101 2090 2072 2043 2012 1977 1935 1905 1876 1851 1830 1812 1791 1762 1741 1717 1674 1633 1589
2131 2133 2133 2137 2137 2138 2138 2133 2129 2135 2153 2178 2209 2239 2264 2294 2327 2367 2411 2455 2491 2515 2536 2545 2552 2558 2571 2585 2603 2624 2654 2688 2736 2740 2708 2674 2651 2632 2616 2605 2593 2587 2578 2566 2545 2521 2489 2468 2449 2423 2396 2370 2348 2326 2306 2279 2246 2214 2186 2159 2140 2115 2089 2080 2062 2047 2033 2021 2004 1983 1952 1920 1900 1867 1832 1797 1777 1756 1736 1717 1681 1643 1604 1564
2125 2127 2129 2131 2130 2131 2130 2127 2127 2149 2172 2195 2223 2255 2282 2327 2370 2405 2445 2482 2517 2546 2564 2573 2570 2582 2601 2628 2658 2693 2720 2745 2740 2695 2655 2629 2598 2579 2569 2569 2559 2545 2539 2536 2536 2527 2489 2452 2434 2411 2383 2357 2327 2302 2283 2264 2230 2189 2150 2119 2085 2061 2039 2023 2012 2007 1985 1966 1959 1946 1924 1902 1878 1845 1820 1796 1765 1733 1699 1677 1648 1614 1572 1533
2118 2123 2123 2123 2123 2125 2117 2116 2129 2153 2182 2208 2233 2274 2314 2350 2390 2431 2463 2504 2540 2577 2616 2649 2664 2668 2680 2688 2708 2715 2725 2719 2689 2651 2628 2600 2572 2556 2545 2540 2528 2518 2511 2506 2506 2506 2489 2458 2439 2421 2383 2361 2337 2301 2278 2264 2238 2200 2155 2130 2084 2036 1996 1963 1951 1947 1937 1922 1904 1899 1890 1871 1841 1804 1773 1747 1735 1709 1683 1664 1639 1614 1588 1555
2116 2115 2116 2116 2115 2107 2104 2117 2146 2171 2191 2224 2265 2306 2341 2366 2409 2447 2480 2519 2560 2601 2651 2702 2742 2767 2764 2751 2709 2686 2672 2651 2627 2615 2605 2586 2565 2549 2544 2537 2512 2502 2495 2488 2485 2480 2473 2465 2464 2446 2401 2374 2351 2327 2296 2273 2244 2217 2182 2146 2097 2051 2014 1964 1920 1893 1882 1870 1849 1837 1830 1818 1781 1741 1714 1688 1666 1651 1636 1624 1606 1590 1577 1559
2109 2108 2107 2102 2098 2091 2109 2132 2153 2179 2212 2248 2282 2319 2351 2384 2428 2470 2502 2540 2581 2641 2690 2742 2797 2820 2806 2741 2675 2644 2617 2594 2588 2596 2596 2569 2552 2540 2538 2529 2505 2488 2477 2471 2470 2465 2453 2444 2451 2439 2398 2388 2379 2339 2306 2278 2234 2201 2173 2133 2091 2053 2022 1982 1942 1909 1884 1850 1818 1779 1750 1725 1704 1681 1654 1621 1599 1581 1562 1553 1542 1542 1539 1542
2100 2097 2092 2084 2078 2088 2112 2133 2163 2196 2227 2254 2293 2331 2377 2414 2448 2486 2519 2556 2598 2659 2718 2766 2812 2816 2771 2703 2636 2603 2579 2564 2561 2568 2562 2541 2528 2524 2523 2513 2498 2483 2466 2453 2448 2446 2434 2423 2423 2425 2414 2406 2387 2342 2313 2276 2233 2196 2159 2116 2074 2036 1999 1969 1939 1912 1879 1839 1798 1749 1700 1667 1642 1613 1592 1561 1537 1516 1500 1482 1467 1460 1465 1489
2084 2083 2078 2069 2065 2082 2114 2147 2179 2212 2240 2272 2312 2356 2404 2434 2469 2504 2538 2576 2627 2672 2722 2786 2832 2821 2750 2649 2599 2574 2559 2545 2540 2542 2530 2520 2516 2519 2514 2498 2479 2465 2448 2433 2419 2416 2412 2403 2405 2418 2418 2403 2376 2350 2310 2269 2225 2184 2146 2101 2058 2026 1993 1961 1924 1884 1844 1808 1774 1730 1676 1642 1624 1608 1588 1571 1554 1536 1519 1489 1456 1424 1401 1416
2072 2070 2064 2056 2065 2097 2131 2162 2193 2228 2259 2294 2335 2380 2417 2455 2492 2523 2558 2599 2636 2685 2742 2802 2840 2822 2714 2609 2572 2555 2548 2540 2527 2526 2527 2523 2518 2519 2513 2490 2471 2448 2430 2415 2400 2393 2386 2382 2387 2397 2398 2382 2351 2318 2282 2240 2201 2167 2129 2088 2046 2012 1982 1950 1921 1897 1874 1847 1807 1759 1734 1707 1676 1648 1623 1601 1585 1569 1550 1531 1509 1471 1421 1381
2058 2055 2052 2060 2085 2127 2154 2180 2208 2237 2279 2314 2350 2391 2436 2473 2508 2545 2578 2622 2663 2721 2774 2821 2840 2789 2698 2594 2567 2548 2540 2537 2527 2521 2519 2514 2505 2503 2496 2479 2467 2444 2409 2391 2382 2370 2358 2354 2354 2356 2356 2350 2321 2289 2256 2216 2177 2148 2116 2079 2048 2024 1996 1965 1941 1921 1898 1869 1838 1800 1767 1730 1693 1653 1615 1583 1552 1534 1515 1498 1489 1477 1440 1407
2051 2048 2054 2096 2131 2151 2170 2190 2216 2251 2290 2322 2369 2407 2447 2486 2523 2569 2615 2660 2705 2751 2799 2831 2815 2747 2685 2628 2583 2542 2532 2532 2529 2520 2507 2500 2488 2476 2464 2448 2438 2425 2399 2371 2351 2335 2330 2325 2314 2305 2295 2293 2281 2262 2238 2202 2164 2136 2112 2088 2062 2037 2007 1982 1952 1926 1903 1875 1844 1816 1790 1750 1712 1673 1633 1600 1574 1539 1501 1471 1448 1434 1420 1407
2047 2046 2073 2120 2160 2175 2192 2207 2233 2268 2299 2335 2378 2415 2457 2500 2547 2591 2642 2689 2733 2779 2819 2819 2769 2718 2673 2642 2598 2538 2529 2528 2524 2511 2496 2486 2475 2452 2435 2420 2406 2391 2377 2359 2343 2321 2307 2292 2276 2259 2250 2246 2242 2231 2210 2180 2151 2126 2106 2087 2059 2035 2010 1986 1957 1928 1901 1872 1843 1822 1794 1756 1717 1686 1658 1631 1598 1566 1529 1496 1466 1438 1407 1378
2042 2055 2110 2161 2187 2199 2212 2236 2254 2285 2319 2358 2395 2432 2476 2518 2558 2606 2662 2715 2760 2812 2822 2774 2723 2669 2623 2602 2571 2535 2522 2519 2508 2494 2480 2469 2453 2433 2414 2401 2384 2364 2356 2347 2339 2311 2284 2267 2243 2222 2215 2210 2205 2194 2177 2158 2134 2115 2097 2072 2047 2024 2002 1979 1956 1927 1899 1872 1848 1822 1793 1760 1719 1685 1661 1630 1602 1576 1544 1517 1487 1461 1433 1395
2036 2065 2147 2177 2194 2215 2242 2258 2282 2311 2350 2391 2421 2460 2496 2534 2570 2615 2671 2734 2789 2821 2802 2747 2682 2629 2584 2551 2530 2515 2510 2501 2488 2476 2465 2457 2442 2418 2396 2381 2362 2346 2336 2323 2309 2287 2264 2244 2221 2206 2195 2183 2165 2155 2147 2137 2118 2100 2079 2054 2032 2012 1991 1971 1948 1920 1893 1868 1845 1817 1782 1753 1716 1674 1646 1612 1575 1549 1527 1502 1479 1451 1422 1383
2029 2084 2150 2175 2208 2235 2264 2287 2322 2345 2379 2414 2449 2483 2519 2554 2591 2647 2701 2755 2802 2793 2760 2707 2649 2601 2552 2531 2518 2502 2491 2477 2471 2461 2452 2439 2419 2395 2377 2363 2347 2327 2309 2288 2270 2259 2249 2231 2214 2208 2184 2153 2124 2109 2105 2102 2094 2079 2057 2036 2016 1996 1972 1950 1927 1904 1887 1859 1836 1804 1774 1735 1691 1642 1606 1583 1547 1515 1484 1466 1452 1425 1385 1345
2033 2096 2142 2189 2242 2277 2308 2330 2354 2384 2414 2444 2473 2508 2541 2578 2624 2668 2717 2769 2783 2740 2699 2655 2620 2574 2533 2522 2503 2487 2468 2457 2454 2441 2432 2415 2396 2379 2368 2348 2323 2299 2274 2254 2240 2233 2229 2223 2218 2208 2176 2133 2092 2066 2051 2050 2051 2042 2026 2011 1995 1972 1950 1920 1897 1881 1868 1839 1812 1786 1748 1711 1662 1615 1570 1538 1509 1480 1452 1426 1409 1383 1344 1308
2032 2103 2158 2212 2261 2300 2337 2366 2395 2418 2447 2473 2502 2533 2568 2608 2645 2678 2718 2735 2718 2664 2627 2605 2581 2545 2531 2512 2489 2467 2447 2438 2429 2416 2404 2391 2380 2371 2360 2325 2296 2269 2248 2233 2221 2215 2213 2211 2205 2191 2162 2127 2085 2048 2023 2012 2000 1990 1977 1968 1954 1934 1913 1885 1862 1850 1837 1813 1792 1750 1711 1682 1650 1604 1547 1502 1472 1440 1418 1388 1361 1338 1305 1287
2047 2115 2179 2226 2266 2306 2340 2376 2408 2440 2475 2510 2538 2567 2593 2616 2634 2654 2675 2669 2626 2580 2572 2557 2533 2521 2508 2485 2463 2437 2418 2406 2393 2382 2377 2374 2364 2351 2326 2295 2270 2250 2232 2219 2212 2205 2197 2183 2169 2152 2136 2112 2087 2055 2027 2007 1978 1949 1926 1911 1902 1887 1867 1853 1836 1820 1808 1784 1751 1719 1686 1668 1641 1596 1541 1496 1460 1413 1376 1351 1324 1305 1291 1270
2068 2124 2176 2226 2265 2303 2340 2381 2418 2459 2496 2531 2560 2578 2592 2604 2619 2637 2633 2596 2533 2518 2516 2500 2486 2477 2460 2440 2423 2402 2385 2374 2368 2366 2366 2353 2335 2311 2289 2267 2251 2238 2226 2217 2205 2190 2166 2146 2130 2118 2108 2098 2078 2057 2041 2021 1977 1933 1901 1883 1866 1842 1822 1801 1798 1778 1760 1740 1710 1680 1662 1637 1607 1578 1536 1488 1437 1396 1355 1318 1310 1290 1271 1249
2079 2126 2176 2224 2271 2313 2356 2390 2437 2476 2508 2535 2553 2562 2573 2577 2588 2595 2569 2507 2471 2466 2459 2442 2435 2426 2416 2405 2391 2378 2368 2360 2359 2356 2340 2319 2300 2282 2266 2259 2248 2236 2222 2207 2188 2169 2146 2121 2095 2082 2073 2068 2053 2035 2015 1992 1958 1915 1880 1854 1837 1815 1787 1756 1736 1721 1702 1680 1659 1642 1627 1599 1572 1548 1504 1457 1416 1373 1338 1307 1279 1261 1251 1230
2087 2130 2179 2225 2272 2322 2369 2406 2445 2477 2500 2515 2523 2532 2537 2541 2539 2512 2475 2442 2424 2416 2401 2396 2393 2384 2374 2368 2357 2350 2349 2350 2352 2350 2321 2297 2281 2272 2262 2252 2237 2222 2204 2183 2167 2153 2140 2122 2104 2078 2044 2027 2017 2007 1989 1964 1929 1898 1864 1824 1798 1773 1752 1737 1717 1694 1661 1642 1618 1598 1589 1575 1541 1508 1469 1430 1393 1350 1314 1288 1258 1236 1210 1189
2106 2148 2192 2239 2299 2341 2380 2419 2454 2476 2490 2497 2500 2500 2497 2481 2471 2445 2413 2397 2383 2370 2355 2347 2345 2336 2331 2328 2329 2332 2335 2335 2332 2325 2312 2297 2284 2270 2251 2232 2216 2199 2180 2165 2155 2151 2143 2127 2111 2081 2045 2014 1992 1983 1962 1942 1922 1897 1867 1832 1800 1761 1728 1702 1685 1663 1634 1608 1590 1571 1551 1524 1494 1467 1433 1406 1385 1339 1300 1268 1242 1220 1184 1154
2151 2196 2234 2264 2312 2355 2403 2443 2468 2481 2483 2482 2476 2468 2460 2443 2418 2382 2362 2360 2350 2331 2318 2309 2298 2293 2293 2297 2301 2300 2295 2293 2295 2298 2296 2286 2276 2254 2225 2206 2197 2186 2164 2154 2150 2144 2135 2123 2099 2073 2039 2012 1986 1959 1932 1921 1910 1887 1854 1825 1795 1770 1740 1702 1662 1629 1607 1575 1547 1529 1519 1497 1469 1435 1405 1369 1357 1339 1299 1252 1226 1193 1159 1127
2199 2234 2263 2303 2342 2402 2442 2462 2471 2472 2461 2450 2446 2435 2420 2383 2336 2322 2326 2327 2322 2302 2285 2271 2263 2262 2265 2265 2265 2258 2255 2262 2273 2277 2269 2253 2238 2220 2196 2187 2184 2170 2160 2154 2145 2136 2117 2098 2073 2045 2014 1993 1976 1938 1900 1880 1869 1848 1822 1809 1782 1751 1725 1698 1667 1639 1601 1552 1507 1478 1460 1449 1437 1423 1386 1338 1316 1305 1279 1234 1206 1169 1137 1107
2233 2268 2307 2351 2391 2427 2449 2454 2455 2446 2432 2414 2400 2378 2343 2305 2290 2294 2301 2310 2300 2279 2263 2253 2246 2244 2244 2242 2239 2239 2242 2242 2245 2241 2229 2216 2204 2183 2171 2170 2171 2158 2140 2130 2121 2102 2079 2060 2038 2011 1986 1969 1943 1891 1852 1818 1803 1781 1771 1771 1744 1719 1700 1679 1647 1625 1594 1551 1503 1448 1412 1385 1382 1378 1368 1334 1296 1274 1253 1218 1187 1154 1122 1096
2273 2310 2349 2378 2399 2414 2426 2425 2410 2391 2367 2351 2322 2289 2272 2272 2266 2274 2281 2285 2285 2276 2261 2252 2242 2236 2233 2234 2229 2223 2216 2208 2207 2201 2198 2191 2177 2164 2156 2143 2138 2122 2096 2081 2074 2055 2032 2021 2004 1980 1964 1943 1915 1864 1817 1773 1731 1705 1696 1705 1694 1677 1662 1644 1619 1593 1561 1532 1501 1465 1417 1374 1342 1330 1316 1316 1299 1260 1227 1192 1164 1135 1116 1095
2313 2340 2357 2367 2376 2386 2386 2380 2347 2316 2294 2273 2257 2248 2245 2247 2246 2256 2265 2271 2277 2265 2255 2245 2231 2226 2219 2206 2193 2183 2176 2165 2164 2174 2178 2176 2167 2159 2133 2098 2075 2050 2030 2024 2021 2009 1997 1987 1974 1957 1936 1918 1888 1839 1786 1739 1691 1651 1629 1632 1630 1604 1603 1601 1581 1560 1531 1502 1477 1455 1429 1399 1355 1311 1280 1279 1277 1260 1216 1179 1145 1125 1107 1090
2319 2326 2327 2332 2334 2337 2331 2300 2278 2250 2227 2221 2216 2212 2210 2212 2220 2231 2236 2243 2239 2232 2227 2220 2211 2202 2186 2166 2150 2140 2135 2125 2125 2145 2149 2146 2133 2120 2099 2062 2034 1994 1974 1969 1976 1971 1968 1960 1943 1929 1912 1894 1866 1831 1791 1754 1697 1636 1583 1555 1542 1528 1539 1553 1545 1520 1501 1471 1452 1432 1411 1391 1362 1324 1284 1249 1241 1230 1204 1165 1133 1113 1099 1077
2299 2293 2281 2273 2265 2251 2241 2225 2212 2199 2191 2182 2175 2173 2178 2187 2195 2204 2211 2218 2217 2207 2199 2190 2182 2172 2160 2143 2122 2104 2090 2084 2077 2082 2094 2088 2075 2065 2052 2033 2005 1965 1928 1918 1926 1923 1924 1917 1907 1896 1879 1863 1836 1804 1776 1746 1693 1630 1559 1516 1476 1464 1473 1485 1478 1467 1455 1427 1417 1404 1382 1359 1331 1308 1280 1252 1222 1194 1176 1147 1117 1100 1093 1081
2260 2242 2208 2198 2191 2187 2181 2170 2169 2162 2158 2154 2155 2161 2168 2174 2176 2189 2198 2207 2200 2186 2176 2169 2165 2162 2162 2150 2121 2091 2054 2034 2030 2020 2015 2017 2015 2007 2002 1991 1969 1937 1901 1865 1863 1870 1878 1874 1869 1861 1844 1821 1797 1768 1735 1710 1662 1600 1533 1481 1424 1391 1394 1403 1403 1398 1389 1373 1374 1367 1343 1320 1297 1277 1255 1228 1203 1177 1152 1132 1108 1091 1082 1075
2196 2168 2155 2149 2142 2134 2130 2132 2136 2137 2132 2130 2140 2146 2150 2155 2160 2171 2181 2184 2175 2168 2165 2163 2169 2170 2175 2160 2132 2095 2047 2006 1976 1953 1945 1944 1943 1946 1948 1941 1923 1899 1857 1813 1805 1824 1837 1835 1828 1820 1803 1779 1761 1736 1702 1663 1620 1571 1512 1465 1416 1362 1326 1324 1330 1323 1316 1308 1312 1315 1302 1287 1267 1240 1217 1195 1177 1156 1137 1119 1100 1091 1084 1073
2151 2134 2122 2110 2100 2093 2095 2099 2102 2103 2100 2105 2110 2117 2127 2136 2144 2152 2159 2164 2162 2164 2170 2186 2196 2189 2180 2160 2138 2104 2062 2016 1972 1931 1898 1882 1872 1882 1882 1875 1865 1842 1804 1760 1755 1781 1794 1797 1789 1772 1757 1742 1726 1698 1669 1633 1597 1555 1517 1479 1433 1373 1319 1283 1266 1258 1248 1242 1246 1260 1264 1248 1227 1205 1184 1167 1153 1137 1125 1111 1099 1090 1079 1070
2126 2102 2084 2071 2065 2061 2067 2066 2065 2069 2079 2092 2095 2102 2117 2125 2132 2139 2150 2159 2170 2189 2205 2201 2193 2177 2162 2145 2122 2081 2049 2020 1998 1958 1910 1858 1819 1811 1809 1805 1797 1774 1754 1732 1708 1723 1741 1753 1747 1734 1722 1705 1679 1655 1630 1604 1579 1546 1502 1460 1426 1387 1348 1303 1264 1234 1210 1197 1198 1209 1224 1210 1189 1171 1158 1143 1132 1123 1115 1097 1084 1083 1068 1061
