Assets/TerrainData/appRasterSelectAPIService1698152981436-1529073153.asc
ncols        192
nrows        77
xllcorner    7.992083333291
yllcorner    46.397083333336
cellsize     0.000833333333
NODATA_value 0
[rows 0 to 37 of 77, columns 0 to 83 of 192]
3706 3707 3729 3789 3836 3830 3798 3750 3666 3558 3496 3446 3410 3374 3340 3306 3277 3244 3222 3192 3163 3132 3109 3087 3062 3028 3000 2969 2929 2906 2888 2871 2856 2841 2824 2811 2799 2788 2776 2773 2790 2817 2845 2861 2887 2922 2961 2983 2993 3014 3021 3045 3090 3105 3120 3161 3195 3228 3290 3330 3355 3319 3255 3187 3107 3051 3006 2971 2945 2918 2902 2869 2837 2807 2754 2720 2653 2618 2585 2556 2535 2511 2495 2481
3668 3673 3691 3720 3767 3774 3727 3701 3652 3567 3516 3467 3410 3354 3323 3288 3259 3224 3199 3168 3141 3113 3092 3067 3041 3015 2986 2950 2908 2882 2853 2829 2810 2796 2789 2773 2756 2744 2731 2723 2733 2763 2786 2808 2839 2860 2887 2908 2922 2947 2966 2972 2982 2983 2995 3040 3110 3157 3211 3260 3300 3319 3280 3220 3157 3068 3005 2969 2942 2916 2891 2861 2833 2811 2778 2732 2681 2632 2593 2570 2550 2534 2529 2525
3632 3634 3646 3666 3682 3711 3679 3638 3595 3542 3496 3458 3414 3361 3319 3279 3242 3211 3181 3154 3124 3096 3074 3049 3026 2996 2969 2935 2901 2869 2833 2807 2786 2772 2759 2742 2726 2714 2700 2695 2695 2701 2722 2754 2784 2802 2823 2837 2849 2879 2904 2909 2909 2915 2934 2968 3032 3100 3147 3199 3233 3266 3272 3249 3208 3127 3047 2979 2935 2905 2877 2852 2824 2799 2766 2725 2694 2667 2637 2625 2635 2648 2610 2573
3581 3583 3606 3613 3615 3634 3624 3589 3552 3512 3460 3422 3393 3359 3329 3283 3241 3204 3175 3141 3111 3087 3064 3039 3014 2988 2961 2932 2901 2865 2826 2798 2774 2759 2741 2723 2708 2698 2688 2682 2681 2670 2667 2686 2708 2735 2754 2771 2796 2817 2848 2863 2862 2875 2899 2948 2986 3044 3092 3133 3163 3189 3226 3234 3210 3145 3075 3042 2992 2937 2895 2867 2848 2820 2790 2754 2727 2710 2699 2694 2696 2688 2633 2597
3526 3515 3534 3549 3560 3557 3552 3560 3538 3494 3436 3402 3376 3347 3318 3289 3252 3215 3183 3146 3118 3090 3061 3035 3009 2988 2965 2936 2904 2874 2827 2796 2772 2748 2726 2708 2698 2692 2683 2676 2664 2660 2650 2642 2652 2668 2688 2709 2730 2756 2779 2798 2822 2834 2870 2912 2946 2979 3032 3067 3101 3142 3179 3203 3200 3140 3075 3032 2998 2971 2936 2904 2881 2854 2824 2807 2792 2762 2752 2766 2774 2755 2642 2599
3476 3460 3449 3474 3511 3520 3525 3542 3533 3498 3438 3392 3358 3328 3299 3270 3244 3215 3189 3158 3127 3101 3067 3040 3017 2993 2970 2940 2912 2883 2844 2802 2775 2748 2720 2700 2686 2675 2666 2660 2653 2645 2639 2632 2624 2624 2631 2644 2665 2684 2702 2723 2752 2788 2824 2862 2893 2911 2944 2986 3031 3084 3129 3162 3183 3160 3095 3059 3023 2993 2965 2943 2931 2908 2894 2882 2854 2818 2806 2827 2792 2714 2667 2606
3402 3399 3402 3413 3437 3478 3528 3547 3541 3520 3470 3406 3360 3318 3284 3254 3228 3207 3183 3161 3137 3109 3080 3057 3027 2996 2974 2949 2923 2900 2863 2827 2791 2753 2718 2692 2673 2656 2643 2641 2642 2634 2627 2623 2619 2612 2604 2602 2612 2625 2643 2661 2686 2725 2760 2796 2824 2850 2884 2922 2960 3021 3071 3112 3149 3186 3188 3155 3110 3072 3055 3024 3011 2990 2989 2980 2919 2830 2797 2788 2753 2716 2682 2611
3340 3349 3353 3355 3369 3423 3504 3557 3564 3531 3481 3433 3387 3334 3294 3263 3228 3195 3169 3148 3131 3110 3088 3067 3039 3015 2990 2966 2940 2914 2882 2846 2810 2778 2736 2694 2669 2650 2638 2632 2628 2624 2616 2611 2607 2605 2596 2590 2586 2586 2594 2607 2624 2659 2698 2737 2772 2806 2837 2875 2911 2949 2997 3057 3112 3156 3199 3215 3204 3178 3171 3156 3152 3132 3105 3047 2973 2879 2803 2753 2732 2707 2676 2631
3300 3309 3306 3310 3313 3344 3442 3494 3547 3540 3485 3433 3399 3363 3331 3293 3249 3213 3175 3144 3118 3101 3084 3065 3044 3024 2999 2974 2948 2922 2894 2865 2830 2799 2760 2723 2685 2657 2637 2624 2615 2615 2613 2608 2602 2596 2591 2587 2583 2577 2573 2577 2579 2594 2620 2663 2719 2759 2789 2828 2874 2917 2956 3011 3059 3101 3139 3175 3217 3247 3252 3245 3247 3225 3167 3090 3031 2954 2852 2765 2737 2705 2666 2615
3257 3264 3261 3259 3266 3293 3331 3404 3524 3567 3539 3471 3416 3372 3334 3291 3248 3214 3185 3156 3131 3109 3087 3069 3048 3026 3001 2970 2948 2927 2896 2872 2843 2808 2776 2747 2720 2699 2650 2618 2612 2609 2607 2600 2592 2588 2580 2579 2574 2569 2568 2568 2565 2565 2579 2600 2639 2692 2735 2775 2836 2878 2900 2934 2988 3031 3087 3136 3173 3219 3236 3247 3253 3235 3190 3114 3047 2964 2853 2788 2741 2711 2667 2622
3216 3222 3227 3228 3231 3254 3270 3340 3475 3572 3581 3509 3447 3377 3335 3290 3253 3222 3199 3174 3156 3133 3104 3081 3055 3029 3004 2977 2953 2931 2903 2877 2855 2826 2799 2776 2759 2738 2703 2651 2614 2599 2595 2592 2587 2581 2579 2575 2569 2564 2561 2561 2557 2556 2550 2561 2576 2615 2661 2723 2767 2805 2841 2883 2923 2971 3042 3098 3150 3171 3161 3170 3188 3223 3217 3159 3077 2971 2883 2821 2770 2729 2691 2656
3186 3195 3199 3199 3205 3222 3232 3269 3412 3529 3592 3572 3470 3380 3332 3300 3265 3239 3223 3203 3179 3149 3119 3090 3058 3032 3008 2984 2962 2943 2915 2893 2880 2855 2827 2808 2790 2770 2743 2700 2654 2604 2594 2592 2590 2585 2582 2577 2567 2557 2552 2552 2551 2549 2543 2539 2541 2555 2593 2654 2709 2746 2775 2823 2874 2922 2976 3023 3074 3100 3082 3082 3135 3181 3197 3166 3107 3034 2962 2889 2842 2791 2734 2680
3152 3158 3163 3165 3173 3192 3197 3214 3330 3492 3581 3581 3507 3437 3358 3310 3274 3257 3240 3214 3182 3148 3118 3087 3063 3040 3017 2996 2978 2960 2940 2921 2908 2887 2859 2837 2810 2789 2760 2725 2682 2642 2612 2598 2590 2585 2580 2577 2573 2565 2553 2549 2541 2536 2535 2530 2530 2528 2536 2562 2622 2674 2720 2771 2816 2871 2912 2941 2956 2967 2973 3004 3101 3130 3145 3152 3105 3052 2994 2933 2884 2819 2762 2704
3119 3131 3137 3143 3148 3162 3180 3192 3245 3422 3558 3593 3559 3491 3426 3364 3326 3310 3296 3274 3255 3212 3160 3099 3079 3056 3038 3024 3010 3001 2984 2967 2943 2910 2881 2855 2823 2797 2764 2730 2694 2664 2639 2619 2602 2583 2570 2567 2566 2565 2557 2549 2545 2534 2526 2521 2520 2519 2516 2519 2542 2595 2656 2713 2757 2804 2852 2881 2891 2889 2902 2949 3009 3057 3071 3069 3057 3028 2989 2926 2862 2798 2740 2696
3092 3101 3111 3120 3122 3147 3175 3191 3262 3414 3524 3558 3569 3549 3497 3440 3403 3370 3348 3330 3305 3270 3230 3190 3141 3098 3067 3059 3051 3015 2983 2954 2931 2907 2888 2862 2838 2805 2773 2748 2714 2691 2668 2650 2627 2597 2573 2563 2554 2554 2558 2557 2548 2535 2523 2514 2513 2510 2508 2502 2502 2522 2573 2647 2696 2736 2780 2820 2833 2833 2845 2881 2924 2938 2953 2954 2957 2978 2975 2916 2832 2768 2718 2668
3060 3070 3084 3095 3110 3127 3157 3206 3301 3410 3485 3516 3542 3567 3551 3510 3473 3446 3411 3373 3315 3261 3223 3190 3158 3126 3097 3077 3050 3020 2998 2976 2943 2916 2891 2873 2851 2825 2799 2781 2759 2730 2720 2711 2695 2661 2627 2588 2562 2550 2545 2540 2533 2525 2511 2499 2494 2507 2508 2493 2484 2487 2507 2550 2623 2666 2691 2725 2740 2759 2762 2798 2832 2853 2862 2860 2873 2902 2915 2867 2818 2739 2693 2635
3024 3044 3064 3080 3089 3114 3152 3219 3335 3418 3448 3472 3509 3533 3564 3576 3553 3533 3471 3385 3309 3254 3218 3185 3149 3123 3101 3078 3052 3028 3010 2985 2959 2933 2910 2890 2871 2851 2830 2813 2792 2775 2771 2760 2741 2704 2661 2623 2590 2567 2547 2532 2525 2525 2514 2501 2493 2492 2488 2480 2473 2467 2466 2493 2557 2592 2621 2632 2646 2668 2686 2711 2745 2764 2778 2786 2797 2830 2866 2849 2791 2709 2657 2613
3003 3024 3044 3064 3078 3108 3161 3230 3348 3392 3400 3411 3446 3480 3529 3587 3615 3571 3506 3406 3315 3267 3234 3196 3165 3131 3101 3077 3056 3036 3016 2992 2972 2949 2926 2903 2886 2873 2859 2846 2834 2814 2798 2778 2755 2726 2691 2644 2612 2586 2568 2550 2531 2516 2506 2500 2492 2480 2471 2467 2468 2459 2449 2447 2463 2507 2528 2549 2562 2576 2606 2630 2662 2690 2695 2706 2728 2750 2770 2776 2743 2691 2639 2591
2980 2996 3021 3040 3068 3113 3169 3245 3337 3350 3352 3356 3394 3434 3485 3527 3589 3592 3521 3433 3353 3289 3245 3218 3183 3147 3119 3089 3068 3057 3044 3026 3000 2975 2956 2936 2917 2899 2878 2867 2854 2837 2811 2791 2771 2749 2717 2679 2643 2614 2598 2580 2564 2541 2513 2494 2490 2481 2468 2460 2454 2450 2447 2437 2428 2436 2452 2461 2476 2491 2508 2533 2569 2599 2621 2631 2645 2661 2677 2697 2702 2664 2635 2562
2960 2976 2997 3020 3086 3144 3202 3265 3321 3294 3296 3312 3343 3387 3429 3470 3513 3574 3573 3493 3428 3348 3282 3228 3193 3154 3123 3103 3089 3072 3054 3035 3014 2992 2977 2964 2948 2927 2907 2893 2873 2849 2826 2808 2785 2762 2739 2714 2692 2680 2663 2641 2619 2595 2564 2528 2502 2481 2469 2458 2443 2432 2430 2428 2420 2408 2400 2398 2400 2410 2426 2439 2457 2478 2508 2531 2547 2570 2595 2629 2650 2620 2583 2544
2945 2961 2981 3022 3111 3158 3206 3239 3250 3239 3257 3289 3313 3359 3410 3465 3515 3586 3613 3583 3523 3446 3366 3290 3225 3171 3143 3126 3111 3094 3071 3048 3029 3010 2991 2977 2962 2947 2931 2919 2896 2871 2850 2831 2813 2791 2772 2758 2737 2719 2716 2698 2681 2655 2617 2582 2551 2512 2480 2460 2444 2425 2415 2408 2404 2394 2381 2361 2352 2353 2354 2352 2359 2372 2391 2419 2445 2476 2508 2535 2558 2556 2517 2495
2926 2947 2973 3023 3086 3135 3146 3167 3195 3221 3242 3273 3312 3362 3427 3497 3559 3630 3675 3673 3619 3547 3457 3372 3294 3212 3169 3152 3134 3113 3086 3064 3041 3026 3010 2994 2979 2964 2951 2940 2923 2900 2879 2858 2844 2822 2813 2811 2801 2774 2771 2767 2732 2700 2669 2635 2594 2560 2525 2484 2453 2431 2421 2411 2400 2388 2370 2346 2323 2312 2300 2288 2293 2306 2313 2329 2354 2390 2434 2455 2463 2459 2439 2433
2919 2950 2977 3014 3055 3088 3124 3146 3179 3208 3237 3274 3332 3401 3470 3546 3618 3663 3674 3671 3643 3582 3514 3432 3354 3296 3223 3192 3166 3143 3107 3091 3072 3060 3056 3058 3055 3035 3023 2999 2982 2961 2933 2902 2897 2877 2872 2861 2848 2838 2837 2816 2771 2737 2706 2664 2638 2606 2570 2537 2504 2459 2428 2412 2400 2389 2371 2341 2309 2288 2270 2255 2254 2255 2264 2280 2295 2313 2340 2357 2377 2375 2357 2363
2928 2956 2996 3024 3063 3099 3117 3135 3162 3201 3246 3335 3405 3504 3564 3624 3659 3673 3669 3661 3643 3604 3548 3479 3452 3416 3371 3340 3303 3271 3231 3207 3187 3200 3207 3182 3169 3163 3150 3130 3103 3057 3030 3012 3004 2977 2954 2945 2934 2907 2878 2817 2783 2754 2727 2699 2680 2654 2634 2599 2557 2519 2479 2451 2432 2422 2410 2390 2353 2305 2273 2254 2242 2229 2227 2233 2241 2245 2254 2272 2286 2302 2302 2298
2948 2970 3005 3038 3066 3094 3113 3142 3170 3256 3331 3416 3496 3560 3625 3680 3670 3646 3644 3643 3634 3619 3599 3584 3555 3504 3463 3439 3404 3363 3335 3313 3302 3302 3295 3277 3264 3258 3253 3234 3223 3193 3175 3174 3149 3123 3061 3046 2992 2926 2879 2830 2809 2783 2760 2737 2713 2695 2680 2661 2635 2598 2562 2539 2528 2502 2483 2450 2413 2368 2323 2291 2263 2235 2213 2200 2197 2200 2202 2208 2218 2231 2243 2244
2962 2986 3015 3040 3065 3091 3119 3160 3237 3316 3404 3452 3509 3558 3614 3630 3608 3575 3582 3597 3610 3613 3603 3594 3580 3565 3536 3501 3467 3429 3395 3358 3333 3311 3295 3277 3267 3258 3258 3267 3283 3314 3311 3289 3253 3216 3169 3134 3074 2995 2939 2872 2840 2819 2803 2785 2771 2764 2750 2736 2708 2682 2645 2614 2588 2557 2531 2497 2457 2416 2378 2341 2300 2262 2223 2194 2174 2167 2164 2164 2169 2179 2187 2189
2993 3016 3046 3074 3097 3117 3158 3198 3274 3339 3392 3448 3512 3565 3566 3546 3529 3517 3526 3537 3549 3571 3587 3583 3563 3542 3516 3479 3450 3413 3371 3336 3302 3284 3269 3252 3239 3233 3227 3226 3229 3268 3322 3351 3349 3299 3250 3190 3134 3083 3032 3000 2913 2885 2870 2867 2883 2863 2849 2805 2742 2702 2670 2645 2619 2592 2561 2529 2490 2446 2411 2378 2337 2292 2250 2210 2182 2169 2162 2162 2164 2167 2170 2176
3057 3079 3107 3131 3143 3145 3173 3208 3259 3337 3405 3459 3542 3576 3550 3527 3506 3493 3485 3485 3487 3504 3519 3535 3529 3508 3477 3448 3417 3382 3337 3306 3281 3264 3252 3235 3226 3220 3215 3201 3190 3193 3233 3285 3309 3293 3273 3254 3192 3152 3110 3082 3013 3001 2971 2946 2940 2922 2858 2793 2756 2725 2700 2672 2638 2610 2577 2545 2520 2472 2434 2393 2359 2316 2274 2228 2194 2173 2166 2164 2170 2173 2178 2183
3144 3154 3168 3186 3190 3181 3209 3250 3299 3370 3456 3531 3605 3588 3548 3520 3491 3476 3468 3466 3457 3448 3454 3469 3496 3471 3444 3418 3383 3353 3316 3287 3261 3245 3231 3215 3207 3201 3194 3174 3155 3151 3154 3205 3248 3235 3215 3203 3221 3241 3213 3171 3119 3090 3082 3055 3004 2947 2862 2814 2785 2762 2738 2701 2662 2629 2597 2567 2549 2521 2477 2436 2375 2336 2294 2244 2210 2187 2173 2167 2172 2178 2183 2187
3221 3233 3248 3274 3264 3277 3308 3341 3387 3451 3532 3576 3619 3594 3556 3516 3483 3468 3462 3452 3437 3423 3416 3409 3428 3444 3415 3388 3359 3327 3292 3264 3243 3225 3202 3186 3179 3175 3163 3137 3113 3098 3099 3134 3200 3178 3157 3151 3155 3192 3238 3253 3225 3185 3141 3078 3018 2962 2883 2835 2806 2777 2752 2724 2693 2658 2628 2606 2577 2548 2518 2479 2408 2370 2317 2255 2220 2197 2178 2172 2176 2183 2187 2191
3167 3185 3227 3287 3309 3338 3391 3469 3516 3552 3587 3614 3621 3590 3549 3510 3467 3451 3444 3432 3418 3403 3386 3371 3367 3394 3395 3360 3332 3306 3272 3252 3224 3197 3168 3155 3149 3143 3135 3114 3075 3053 3060 3082 3126 3138 3116 3109 3109 3127 3176 3235 3250 3213 3163 3107 3057 3001 2949 2889 2834 2811 2778 2748 2731 2707 2675 2679 2609 2554 2522 2469 2407 2361 2310 2242 2212 2188 2179 2180 2182 2186 2191 2195
3087 3101 3124 3191 3235 3313 3395 3465 3538 3552 3558 3567 3556 3508 3508 3467 3430 3422 3415 3405 3388 3371 3352 3337 3338 3338 3362 3349 3316 3280 3252 3226 3199 3163 3142 3138 3138 3128 3107 3081 3044 3014 3020 3035 3074 3094 3081 3074 3079 3088 3108 3175 3229 3244 3198 3153 3112 3061 3010 2941 2883 2863 2821 2773 2758 2724 2682 2641 2585 2534 2493 2436 2389 2332 2275 2227 2197 2175 2178 2183 2184 2189 2194 2197
3070 3088 3111 3140 3170 3230 3303 3402 3512 3526 3511 3494 3498 3465 3439 3397 3381 3374 3367 3358 3353 3333 3317 3309 3307 3303 3301 3329 3310 3264 3227 3194 3167 3139 3120 3122 3123 3113 3086 3051 3014 2992 2994 3008 3030 3053 3053 3045 3053 3054 3059 3107 3172 3195 3165 3124 3088 3052 3000 2941 2896 2847 2814 2773 2731 2689 2649 2602 2551 2500 2442 2377 2326 2273 2230 2199 2179 2173 2176 2183 2185 2189 2193 2196
3070 3091 3113 3138 3169 3217 3270 3368 3502 3494 3478 3461 3446 3425 3394 3363 3342 3331 3326 3319 3313 3307 3299 3289 3285 3282 3271 3266 3284 3276 3229 3184 3149 3123 3111 3105 3103 3095 3071 3034 2999 2980 2972 2976 2990 3009 3020 3017 3022 3024 3020 3036 3068 3095 3077 3022 2995 2976 2908 2858 2828 2793 2761 2723 2689 2650 2606 2560 2511 2449 2356 2306 2258 2220 2191 2171 2170 2172 2176 2181 2184 2186 2190 2193
3073 3097 3117 3139 3174 3257 3328 3409 3471 3488 3463 3449 3427 3405 3384 3353 3328 3317 3314 3308 3301 3294 3285 3279 3273 3267 3258 3246 3230 3229 3227 3203 3155 3117 3103 3093 3084 3070 3039 3008 2973 2948 2936 2936 2947 2967 2981 2986 2989 2989 2984 2993 3011 3031 3003 2950 2915 2877 2831 2800 2785 2754 2704 2677 2643 2599 2556 2505 2432 2349 2287 2244 2211 2182 2163 2153 2161 2168 2173 2178 2181 2185 2190 2193
3082 3102 3131 3184 3249 3325 3390 3459 3511 3493 3458 3435 3414 3394 3376 3353 3323 3305 3302 3298 3291 3279 3270 3265 3257 3254 3243 3227 3210 3194 3188 3201 3188 3119 3090 3071 3052 3036 3007 2972 2929 2903 2895 2899 2915 2931 2944 2955 2959 2959 2958 2956 2970 2984 2933 2898 2868 2830 2785 2755 2738 2725 2685 2648 2589 2542 2475 2407 2354 2294 2249 2215 2184 2158 2144 2143 2155 2162 2167 2175 2179 2181 2185 2188
3109 3202 3275 3313 3377 3439 3456 3482 3491 3469 3443 3422 3401 3384 3367 3338 3304 3285 3285 3279 3271 3258 3249 3247 3243 3237 3223 3205 3185 3168 3154 3152 3153 3110 3056 3035 3014 2991 2963 2937 2907 2884 2866 2866 2874 2886 2903 2912 2921 2925 2922 2920 2927 2944 2918 2871 2825 2787 2746 2714 2693 2673 2652 2598 2542 2481 2404 2342 2301 2263 2226 2186 2161 2141 2133 2141 2150 2157 2160 2166 2170 2173 2179 2181
3278 3317 3369 3411 3458 3489 3483 3465 3429 3416 3408 3397 3386 3370 3349 3318 3281 3269 3264 3259 3250 3237 3230 3228 3225 3213 3198 3181 3161 3141 3128 3119 3115 3107 3062 3026 2988 2956 2927 2914 2899 2886 2868 2852 2840 2848 2861 2869 2875 2882 2880 2878 2887 2897 2906 2867 2786 2758 2723 2679 2647 2620 2596 2542 2491 2428 2346 2290 2262 2229 2191 2158 2140 2126 2128 2139 2147 2150 2153 2156 2161 2165 2170 2169
