Assets/TerrainData/appRasterSelectAPIService1698162380677-1111822116.asc
ncols        383
nrows        154
xllcorner    7.923749999957
yllcorner    46.386250000003
cellsize     0.000833333333
NODATA_value 0
[rows 38 to 75 of 154, columns 168 to 251 of 383]
2529 2525 2518 2513 2510 2509 2508 2506 2508 2520 2529 2534 2535 2553 2562 2578 2594 2618 2646 2678 2719 2757 2810 2853 2886 2922 2951 2984 3016 3072 3119 3133 3132 3142 3169 3191 3204 3219 3241 3301 3379 3432 3457 3463 3478 3501 3518 3531 3561 3552 3531 3499 3466 3439 3380 3294 3246 3248 3258 3243 3227 3198 3162 3142 3127 3114 3107 3091 3081 3065 3038 3015 2984 2950 2903 2835 2813 2784 2741 2718 2697 2676 2650 2623
2523 2520 2516 2510 2509 2509 2504 2502 2499 2498 2492 2491 2494 2508 2534 2562 2585 2612 2642 2675 2719 2765 2810 2852 2885 2919 2960 2999 3051 3106 3108 3109 3113 3127 3155 3174 3180 3194 3213 3315 3356 3382 3402 3421 3433 3451 3469 3490 3481 3435 3408 3398 3379 3329 3261 3202 3109 3048 3044 3065 3118 3176 3161 3131 3109 3092 3079 3063 3049 3032 3010 2985 2954 2914 2869 2836 2808 2773 2736 2704 2681 2659 2627 2608
2522 2516 2513 2508 2506 2504 2501 2499 2497 2495 2491 2486 2480 2480 2501 2534 2569 2596 2629 2665 2727 2779 2825 2868 2902 2941 2998 3044 3071 3088 3081 3090 3094 3102 3128 3148 3158 3174 3206 3265 3294 3324 3353 3375 3392 3407 3429 3429 3388 3348 3333 3316 3287 3242 3189 3102 3004 2969 2961 2943 2947 3005 3090 3120 3102 3084 3058 3039 3020 3005 2984 2950 2919 2893 2869 2844 2811 2780 2744 2707 2684 2649 2617 2590
2519 2511 2508 2504 2505 2504 2495 2495 2495 2492 2489 2489 2488 2480 2482 2514 2556 2583 2622 2673 2735 2782 2829 2883 2936 2979 3003 3012 3028 3043 3046 3063 3072 3077 3093 3118 3137 3165 3205 3232 3256 3286 3313 3335 3357 3377 3398 3392 3362 3315 3277 3244 3208 3147 3083 3030 2938 2926 2918 2900 2890 2905 2996 3033 3079 3090 3066 3028 2996 2972 2950 2922 2901 2885 2863 2838 2812 2782 2749 2715 2689 2648 2601 2571
2514 2509 2507 2502 2501 2502 2499 2493 2492 2490 2488 2489 2488 2486 2483 2506 2545 2596 2654 2708 2749 2794 2870 2919 2952 2944 2942 2959 2979 2996 3013 3039 3050 3055 3064 3088 3123 3154 3175 3200 3233 3265 3288 3308 3328 3353 3392 3410 3344 3288 3246 3172 3119 3077 3031 2969 2918 2891 2873 2850 2841 2853 2911 2974 2987 3055 3094 3094 3043 2988 2949 2918 2899 2878 2843 2818 2793 2765 2734 2703 2666 2627 2584 2549
2513 2507 2506 2500 2496 2495 2495 2493 2491 2492 2488 2487 2486 2487 2485 2501 2551 2614 2666 2709 2754 2806 2863 2909 2890 2877 2888 2908 2932 2948 2970 3006 3027 3028 3036 3063 3098 3128 3153 3181 3212 3243 3267 3286 3307 3338 3382 3413 3356 3284 3210 3141 3100 3058 2989 2943 2900 2853 2826 2807 2800 2803 2831 2862 2898 2935 2997 3030 3031 3029 3030 2979 2926 2896 2856 2827 2793 2757 2722 2687 2652 2601 2551 2522
2506 2504 2502 2500 2496 2489 2490 2492 2493 2493 2489 2486 2485 2484 2482 2484 2529 2590 2643 2683 2739 2776 2799 2824 2819 2829 2842 2862 2887 2908 2933 2968 2999 3010 3021 3053 3080 3105 3133 3167 3191 3212 3232 3260 3284 3317 3362 3384 3344 3266 3191 3135 3082 3021 2961 2910 2860 2808 2788 2773 2762 2763 2778 2796 2809 2829 2870 2910 2944 2959 2991 3043 3016 2988 2914 2854 2800 2761 2728 2695 2647 2592 2530 2507
2504 2502 2497 2496 2494 2488 2486 2489 2492 2491 2488 2486 2484 2482 2476 2474 2484 2534 2605 2652 2698 2729 2741 2750 2758 2778 2795 2817 2844 2868 2906 2938 2966 2987 3005 3036 3060 3086 3112 3141 3163 3183 3203 3234 3261 3308 3353 3350 3306 3223 3156 3100 3050 3003 2926 2872 2819 2782 2762 2742 2722 2717 2724 2721 2722 2738 2763 2802 2831 2854 2891 2947 2970 2955 2931 2876 2780 2729 2700 2674 2621 2581 2545 2495
2505 2501 2497 2495 2491 2489 2486 2488 2489 2487 2487 2484 2480 2474 2470 2469 2469 2488 2540 2610 2651 2676 2677 2675 2681 2703 2740 2771 2796 2833 2877 2910 2933 2957 2986 3015 3038 3061 3088 3115 3128 3149 3179 3213 3248 3291 3299 3260 3205 3136 3052 2998 2973 2948 2906 2874 2813 2756 2724 2706 2680 2669 2672 2658 2645 2651 2684 2709 2743 2753 2785 2851 2865 2854 2839 2820 2778 2728 2702 2673 2610 2570 2541 2521
2501 2502 2498 2491 2489 2489 2488 2485 2483 2483 2485 2483 2477 2472 2470 2466 2463 2466 2488 2540 2573 2597 2603 2606 2616 2650 2690 2721 2756 2808 2848 2884 2911 2937 2968 2995 3013 3036 3060 3084 3104 3133 3171 3220 3264 3260 3226 3167 3127 3047 2952 2921 2900 2878 2861 2838 2820 2710 2680 2663 2644 2627 2621 2611 2596 2588 2597 2638 2670 2687 2711 2769 2809 2799 2762 2747 2756 2747 2723 2698 2606 2548 2535 2538
2497 2495 2494 2490 2485 2484 2485 2482 2481 2479 2479 2480 2476 2470 2468 2465 2462 2458 2456 2474 2506 2524 2531 2545 2563 2595 2640 2684 2726 2781 2832 2862 2887 2913 2939 2970 2991 3015 3033 3058 3090 3135 3190 3257 3295 3258 3175 3107 3056 2983 2917 2882 2837 2814 2800 2781 2756 2671 2659 2636 2614 2598 2576 2564 2552 2534 2531 2549 2580 2614 2651 2706 2753 2754 2707 2671 2695 2730 2737 2708 2627 2546 2511 2514
2496 2493 2492 2489 2486 2481 2481 2477 2478 2477 2475 2476 2473 2470 2467 2462 2456 2456 2454 2452 2453 2467 2485 2511 2541 2573 2610 2685 2729 2774 2804 2828 2854 2884 2915 2943 2967 2986 3009 3041 3096 3145 3216 3290 3287 3230 3146 3057 3002 2952 2883 2834 2795 2770 2748 2732 2714 2680 2649 2627 2604 2571 2546 2518 2504 2488 2473 2478 2491 2531 2580 2632 2682 2716 2676 2624 2636 2670 2673 2646 2630 2567 2510 2467
2493 2489 2487 2484 2483 2479 2476 2476 2476 2473 2470 2472 2471 2469 2464 2460 2458 2454 2451 2447 2448 2450 2460 2485 2518 2548 2601 2689 2737 2761 2776 2805 2843 2878 2900 2923 2943 2967 2994 3030 3120 3187 3246 3294 3249 3206 3147 3028 2958 2909 2864 2827 2786 2752 2722 2697 2672 2657 2640 2618 2584 2551 2524 2497 2463 2444 2428 2424 2429 2426 2464 2545 2591 2617 2595 2578 2603 2616 2580 2563 2576 2544 2465 2404
2488 2488 2486 2483 2479 2477 2475 2472 2471 2470 2470 2468 2467 2467 2464 2461 2456 2452 2448 2447 2445 2447 2453 2471 2503 2537 2614 2665 2705 2733 2770 2810 2840 2865 2887 2908 2930 2953 2985 3034 3121 3203 3262 3281 3225 3170 3122 3060 2966 2911 2848 2818 2790 2752 2718 2682 2649 2626 2610 2592 2563 2527 2490 2460 2432 2401 2378 2371 2367 2363 2370 2384 2415 2473 2493 2505 2522 2508 2473 2459 2459 2417 2356 2285
2483 2483 2482 2480 2477 2474 2474 2470 2469 2468 2467 2467 2466 2465 2462 2458 2456 2453 2450 2447 2444 2448 2462 2488 2528 2569 2621 2654 2695 2743 2782 2805 2830 2859 2880 2903 2931 2958 2996 3060 3154 3218 3251 3247 3231 3200 3154 3099 3025 2961 2872 2824 2790 2748 2716 2684 2646 2617 2587 2558 2534 2503 2469 2434 2395 2366 2341 2317 2306 2299 2297 2291 2285 2303 2326 2361 2407 2412 2375 2348 2318 2274 2223 2178
2479 2479 2477 2474 2473 2472 2470 2466 2463 2465 2466 2465 2462 2462 2460 2458 2455 2452 2449 2446 2444 2450 2465 2489 2543 2590 2628 2661 2706 2746 2779 2806 2830 2854 2879 2913 2941 2976 3050 3129 3193 3232 3228 3216 3204 3185 3153 3123 3077 3025 2972 2932 2867 2816 2774 2717 2667 2626 2594 2560 2519 2489 2457 2425 2388 2345 2309 2273 2254 2241 2239 2227 2215 2214 2220 2234 2247 2273 2287 2265 2213 2159 2131 2091
2471 2472 2469 2467 2466 2464 2463 2464 2463 2461 2462 2461 2461 2459 2458 2454 2454 2451 2449 2445 2442 2444 2460 2499 2566 2614 2644 2680 2720 2761 2783 2804 2823 2856 2899 2942 3004 3071 3138 3195 3229 3218 3193 3175 3152 3144 3126 3081 3054 3038 3027 2985 2940 2884 2835 2766 2723 2677 2630 2607 2571 2518 2470 2428 2389 2344 2300 2266 2236 2199 2181 2176 2156 2138 2127 2111 2112 2126 2133 2118 2107 2065 2037 2018
2462 2462 2463 2463 2463 2462 2458 2458 2459 2457 2455 2456 2456 2457 2456 2452 2450 2448 2445 2444 2440 2435 2438 2475 2552 2598 2638 2682 2720 2763 2792 2819 2865 2924 2974 3018 3069 3119 3163 3194 3188 3175 3158 3136 3116 3103 3083 3058 3020 2996 2984 2986 2973 2939 2892 2843 2799 2737 2686 2630 2573 2525 2487 2447 2398 2359 2315 2278 2240 2199 2158 2131 2108 2082 2068 2049 2037 2024 2024 2022 2013 1989 1980 1990
2458 2459 2459 2459 2458 2458 2457 2454 2455 2455 2454 2455 2455 2456 2455 2452 2448 2446 2444 2441 2436 2428 2421 2434 2492 2557 2614 2659 2701 2746 2802 2846 2885 2939 2992 3031 3077 3120 3156 3146 3138 3134 3119 3099 3080 3061 3043 3019 2990 2965 2936 2920 2916 2928 2917 2884 2842 2798 2745 2681 2602 2555 2522 2482 2447 2408 2351 2300 2251 2202 2163 2118 2081 2064 2042 2023 1996 1971 1950 1934 1931 1946 1966 1980
2453 2453 2450 2451 2450 2452 2453 2452 2448 2449 2451 2452 2454 2452 2451 2449 2445 2444 2440 2437 2431 2425 2417 2416 2447 2502 2569 2630 2676 2715 2778 2810 2848 2909 2972 3018 3086 3139 3128 3096 3092 3090 3086 3068 3051 3040 3027 3008 2980 2949 2921 2900 2888 2874 2863 2856 2823 2796 2745 2685 2624 2579 2554 2518 2480 2441 2397 2345 2292 2235 2178 2124 2065 2041 2011 1977 1939 1916 1899 1899 1915 1942 1957 1965
2443 2442 2443 2443 2444 2445 2446 2443 2443 2446 2448 2448 2448 2450 2448 2445 2442 2440 2436 2431 2428 2424 2420 2414 2419 2456 2522 2588 2648 2695 2743 2782 2831 2906 2979 3034 3073 3103 3098 3063 3053 3052 3046 3041 3031 3016 3004 2988 2969 2945 2919 2898 2884 2866 2838 2805 2780 2747 2712 2661 2635 2595 2559 2536 2511 2462 2411 2341 2294 2251 2182 2117 2060 2010 1970 1916 1889 1886 1893 1909 1921 1932 1941 1947
2435 2435 2436 2438 2441 2440 2439 2441 2444 2443 2442 2442 2443 2445 2444 2442 2440 2438 2432 2428 2426 2421 2417 2411 2417 2438 2481 2546 2611 2678 2727 2774 2849 2903 2952 2988 3014 3051 3070 3044 3030 3030 3027 3021 3010 2993 2975 2960 2946 2925 2909 2895 2883 2865 2837 2801 2759 2720 2688 2643 2611 2583 2536 2500 2460 2428 2359 2308 2265 2207 2149 2090 2034 1977 1925 1894 1882 1886 1893 1906 1915 1919 1920 1922
2428 2430 2431 2434 2435 2435 2435 2435 2438 2439 2439 2438 2436 2440 2443 2440 2434 2433 2429 2426 2423 2420 2416 2412 2415 2429 2464 2522 2582 2641 2694 2752 2812 2854 2896 2927 2964 3029 3060 3045 3015 3010 3004 2994 2981 2962 2942 2926 2910 2893 2886 2879 2859 2849 2838 2801 2772 2746 2721 2654 2592 2538 2495 2457 2416 2377 2317 2273 2231 2172 2126 2073 2004 1946 1906 1880 1878 1887 1892 1898 1902 1903 1898 1892
2427 2427 2429 2432 2435 2434 2432 2432 2432 2433 2435 2437 2437 2436 2435 2435 2431 2431 2428 2424 2421 2417 2414 2412 2409 2414 2438 2484 2543 2597 2651 2696 2748 2801 2842 2882 2925 2975 3019 3038 3012 2996 2982 2966 2948 2926 2907 2887 2866 2855 2853 2841 2822 2818 2819 2798 2764 2738 2712 2667 2604 2560 2522 2439 2391 2345 2302 2262 2212 2153 2115 2056 1992 1929 1888 1875 1876 1881 1885 1887 1889 1890 1884 1873
2428 2423 2426 2428 2428 2432 2432 2432 2432 2430 2431 2433 2433 2431 2431 2430 2429 2427 2425 2419 2417 2413 2410 2409 2405 2404 2419 2462 2514 2559 2602 2651 2707 2762 2789 2834 2883 2932 2983 3031 3015 2991 2972 2948 2920 2890 2868 2844 2828 2823 2817 2805 2798 2799 2795 2776 2754 2736 2702 2665 2644 2616 2556 2485 2446 2391 2330 2280 2220 2161 2103 2047 1991 1929 1892 1874 1869 1874 1874 1874 1877 1878 1872 1859
2430 2426 2426 2426 2426 2428 2431 2430 2429 2427 2427 2426 2426 2426 2426 2427 2427 2422 2420 2418 2415 2412 2409 2406 2400 2395 2396 2426 2468 2508 2548 2595 2676 2727 2762 2801 2836 2872 2960 3008 3011 2981 2963 2941 2910 2872 2843 2827 2809 2797 2790 2786 2778 2777 2771 2759 2752 2738 2715 2688 2671 2642 2599 2552 2515 2439 2379 2317 2246 2176 2102 2058 2015 1945 1901 1878 1868 1868 1860 1861 1865 1871 1865 1854
2437 2427 2422 2423 2424 2426 2427 2423 2422 2424 2422 2423 2422 2421 2421 2420 2419 2418 2417 2413 2409 2410 2407 2403 2397 2393 2393 2409 2436 2478 2527 2582 2647 2700 2738 2768 2810 2869 2952 3002 3023 2977 2948 2933 2914 2882 2849 2828 2810 2788 2781 2771 2764 2750 2739 2734 2731 2727 2713 2688 2644 2606 2570 2543 2503 2448 2390 2338 2273 2220 2149 2102 2051 2000 1918 1880 1857 1858 1853 1850 1855 1863 1859 1847
2441 2427 2418 2418 2420 2421 2422 2421 2421 2423 2419 2417 2417 2416 2414 2415 2415 2413 2410 2407 2403 2403 2400 2398 2397 2395 2394 2402 2435 2476 2546 2607 2645 2679 2720 2759 2808 2877 2960 3015 3019 2959 2938 2924 2911 2884 2850 2828 2806 2789 2767 2746 2727 2705 2693 2700 2700 2699 2694 2676 2640 2606 2566 2527 2497 2440 2390 2349 2312 2275 2217 2163 2106 2038 1975 1884 1852 1849 1842 1837 1843 1853 1854 1842
2453 2427 2414 2412 2412 2415 2418 2418 2418 2418 2418 2414 2411 2410 2409 2409 2410 2406 2403 2402 2399 2395 2394 2394 2392 2393 2393 2399 2430 2476 2526 2572 2613 2657 2713 2760 2829 2911 2977 3027 3031 2946 2917 2908 2892 2871 2842 2810 2785 2764 2743 2717 2688 2659 2646 2648 2653 2659 2661 2660 2642 2629 2614 2597 2557 2512 2459 2407 2365 2318 2257 2197 2132 2065 1993 1923 1855 1836 1834 1831 1833 1844 1848 1836
2461 2430 2414 2406 2405 2408 2411 2413 2412 2412 2412 2409 2406 2405 2401 2400 2401 2399 2396 2394 2390 2388 2387 2388 2388 2387 2388 2402 2428 2475 2519 2565 2617 2670 2715 2787 2868 2932 2990 3035 3009 2931 2895 2881 2857 2837 2812 2784 2759 2739 2720 2698 2664 2635 2619 2615 2612 2611 2622 2628 2624 2614 2602 2601 2587 2540 2501 2452 2405 2352 2292 2229 2146 2079 2010 1943 1866 1832 1826 1825 1826 1833 1837 1828
2470 2433 2411 2401 2398 2399 2402 2406 2406 2406 2405 2403 2402 2400 2398 2392 2389 2388 2387 2389 2389 2382 2383 2384 2384 2383 2384 2419 2468 2516 2576 2620 2658 2700 2765 2834 2903 2958 3004 3007 2961 2911 2884 2860 2835 2814 2790 2763 2737 2722 2709 2686 2655 2630 2614 2599 2588 2586 2590 2593 2590 2583 2571 2567 2564 2544 2508 2462 2411 2370 2315 2266 2185 2095 2021 1959 1886 1837 1821 1818 1818 1823 1827 1822
2477 2434 2410 2398 2393 2393 2394 2397 2399 2400 2401 2401 2395 2393 2389 2386 2383 2380 2381 2380 2382 2380 2380 2379 2378 2375 2379 2413 2471 2546 2604 2646 2693 2728 2775 2819 2885 2940 2982 2971 2925 2892 2867 2842 2815 2792 2771 2748 2726 2706 2689 2669 2641 2614 2593 2582 2578 2572 2569 2564 2552 2543 2534 2528 2531 2531 2505 2464 2403 2355 2299 2254 2205 2130 2046 1974 1905 1835 1813 1809 1809 1811 1814 1813
2485 2443 2415 2399 2391 2389 2390 2392 2394 2394 2399 2397 2393 2389 2384 2380 2377 2377 2378 2379 2378 2379 2377 2375 2374 2369 2364 2377 2445 2530 2592 2629 2659 2686 2741 2792 2862 2909 2963 2969 2927 2881 2843 2810 2769 2748 2737 2724 2706 2683 2664 2650 2625 2596 2570 2561 2560 2557 2554 2545 2525 2506 2494 2489 2500 2505 2498 2477 2430 2387 2321 2278 2225 2156 2061 1980 1919 1858 1811 1798 1798 1796 1797 1792
2484 2446 2422 2406 2392 2387 2385 2389 2390 2390 2391 2392 2387 2383 2379 2376 2372 2371 2371 2374 2376 2376 2374 2371 2369 2365 2357 2356 2408 2487 2544 2587 2616 2657 2715 2785 2849 2907 2967 2983 2929 2890 2832 2799 2745 2711 2698 2687 2678 2670 2655 2636 2607 2570 2554 2547 2547 2546 2538 2522 2506 2480 2463 2461 2462 2472 2480 2466 2436 2403 2328 2274 2234 2149 2051 1970 1922 1869 1820 1793 1784 1783 1782 1779
2486 2464 2438 2411 2389 2379 2379 2382 2381 2380 2384 2386 2384 2380 2376 2374 2371 2368 2368 2370 2371 2370 2369 2366 2362 2358 2355 2354 2383 2438 2504 2548 2619 2667 2732 2789 2852 2923 2972 3008 2954 2905 2829 2798 2759 2720 2696 2672 2657 2653 2648 2637 2608 2569 2541 2527 2524 2524 2519 2502 2484 2463 2441 2426 2416 2417 2424 2439 2406 2355 2261 2225 2143 2062 1993 1939 1913 1884 1852 1807 1775 1771 1773 1771
2512 2482 2451 2415 2386 2373 2372 2374 2374 2376 2380 2378 2377 2375 2371 2369 2369 2364 2360 2366 2367 2367 2366 2364 2360 2355 2353 2356 2374 2420 2497 2569 2631 2685 2738 2793 2858 2934 2984 2999 2942 2883 2836 2811 2782 2752 2720 2694 2670 2658 2641 2627 2601 2569 2535 2511 2501 2502 2498 2488 2469 2442 2410 2386 2370 2356 2343 2317 2299 2233 2161 2123 2066 1998 1946 1924 1897 1881 1856 1827 1804 1779 1769 1762
2523 2486 2448 2418 2387 2369 2363 2365 2366 2367 2371 2371 2374 2372 2366 2364 2366 2364 2361 2361 2363 2363 2361 2356 2353 2351 2350 2357 2380 2439 2506 2569 2618 2674 2722 2774 2848 2930 2988 2965 2873 2841 2825 2805 2781 2765 2744 2717 2692 2674 2653 2631 2596 2566 2532 2498 2486 2486 2481 2474 2450 2413 2379 2362 2334 2309 2278 2252 2187 2132 2075 2036 1995 1949 1921 1893 1864 1838 1818 1816 1814 1813 1806 1775
2544 2489 2447 2414 2382 2362 2355 2355 2357 2359 2364 2366 2369 2367 2365 2361 2361 2360 2360 2361 2361 2360 2356 2352 2348 2347 2345 2351 2372 2433 2511 2569 2622 2666 2727 2807 2877 2967 2987 2883 2817 2799 2784 2765 2756 2748 2739 2726 2714 2707 2685 2653 2611 2577 2541 2502 2482 2472 2465 2461 2435 2395 2362 2338 2301 2258 2219 2172 2117 2078 2038 1985 1950 1921 1894 1854 1831 1793 1773 1772 1771 1781 1802 1801
