Assets/TerrainData/appRasterSelectAPIService1698162380677-1111822116.asc
ncols        383
nrows        154
xllcorner    7.923749999957
yllcorner    46.386250000003
cellsize     0.000833333333
NODATA_value 0
[rows 76 to 113 of 154, columns 252 to 335 of 383]
1752 1757 1740 1713 1677 1668 1704 1809 1862 1951 2021 2048 2056 2072 2100 2128 2164 2205 2234 2255 2275 2281 2281 2285 2303 2332 2359 2371 2386 2409 2440 2478 2506 2512 2507 2504 2492 2478 2468 2462 2454 2450 2438 2420 2399 2379 2365 2346 2328 2309 2291 2268 2247 2214 2186 2148 2091 2031 1970 1923 1879 1836 1799 1790 1810 1830 1834 1829 1812 1797 1780 1761 1740 1707 1680 1658 1633 1606 1584 1565 1531 1492 1473 1460
1702 1737 1749 1736 1702 1660 1666 1764 1838 1913 1978 1997 2015 2041 2071 2099 2130 2159 2180 2199 2215 2224 2229 2247 2274 2307 2343 2358 2377 2406 2433 2462 2478 2478 2477 2473 2469 2462 2459 2456 2450 2443 2430 2414 2381 2351 2325 2308 2295 2283 2266 2245 2227 2207 2170 2136 2099 2052 1994 1954 1906 1857 1810 1774 1756 1765 1773 1772 1765 1754 1740 1717 1700 1670 1638 1616 1587 1563 1544 1535 1513 1463 1431 1421
1646 1724 1757 1745 1713 1670 1639 1714 1808 1863 1928 1947 1967 1990 2014 2042 2075 2101 2120 2142 2159 2169 2192 2233 2270 2300 2327 2342 2360 2379 2402 2426 2432 2434 2442 2447 2449 2450 2453 2450 2442 2432 2417 2390 2349 2316 2291 2272 2254 2244 2237 2219 2202 2177 2146 2116 2075 2042 2006 1969 1929 1892 1849 1801 1745 1721 1714 1728 1731 1714 1690 1658 1640 1620 1594 1571 1545 1522 1503 1495 1487 1458 1423 1397
1621 1682 1721 1717 1694 1654 1633 1691 1780 1817 1878 1900 1917 1937 1961 1990 2018 2041 2063 2088 2116 2144 2179 2215 2243 2261 2284 2305 2320 2338 2364 2379 2382 2390 2404 2419 2430 2437 2437 2438 2436 2427 2406 2364 2329 2297 2266 2233 2205 2195 2200 2186 2167 2141 2114 2087 2044 2009 1982 1955 1927 1896 1859 1807 1765 1703 1673 1678 1689 1682 1660 1629 1597 1566 1544 1528 1510 1486 1471 1470 1464 1448 1425 1402
1582 1626 1661 1676 1650 1622 1608 1646 1732 1783 1839 1863 1879 1898 1918 1943 1970 2007 2037 2072 2107 2129 2155 2176 2190 2207 2227 2255 2270 2288 2311 2326 2336 2354 2373 2395 2408 2416 2425 2429 2420 2401 2390 2339 2303 2267 2238 2204 2165 2150 2152 2142 2117 2094 2072 2035 1996 1968 1948 1923 1900 1873 1851 1801 1747 1690 1636 1611 1619 1629 1624 1600 1562 1536 1509 1491 1475 1449 1438 1447 1446 1434 1417 1402
1553 1594 1624 1644 1628 1598 1587 1654 1718 1755 1805 1845 1850 1865 1882 1899 1931 1972 2008 2040 2065 2088 2104 2120 2133 2148 2164 2183 2209 2235 2258 2277 2300 2324 2350 2367 2370 2377 2389 2392 2382 2370 2352 2308 2271 2230 2197 2168 2130 2106 2092 2065 2056 2041 2016 1986 1960 1938 1917 1890 1868 1847 1828 1792 1737 1681 1619 1565 1558 1578 1577 1561 1532 1504 1479 1458 1439 1418 1400 1412 1426 1421 1420 1405
1537 1568 1602 1635 1638 1598 1569 1624 1690 1717 1758 1808 1823 1831 1848 1861 1891 1925 1955 1982 2014 2036 2053 2069 2077 2089 2101 2122 2152 2189 2222 2254 2282 2303 2326 2335 2325 2328 2335 2333 2326 2321 2311 2271 2236 2207 2177 2146 2101 2056 2019 1998 1991 1985 1966 1945 1927 1904 1881 1858 1834 1813 1795 1769 1733 1683 1616 1556 1517 1526 1538 1522 1494 1469 1451 1434 1421 1410 1382 1378 1388 1393 1398 1374
1510 1542 1584 1626 1644 1605 1562 1568 1630 1658 1693 1750 1793 1799 1808 1819 1843 1873 1896 1927 1959 1985 2003 2011 2019 2042 2074 2110 2144 2171 2206 2234 2259 2280 2295 2295 2278 2276 2279 2285 2282 2275 2255 2224 2200 2177 2147 2118 2071 2032 1988 1954 1931 1924 1918 1908 1889 1871 1852 1822 1796 1776 1758 1738 1707 1673 1622 1567 1519 1484 1490 1476 1454 1440 1422 1405 1399 1394 1376 1357 1358 1355 1354 1331
1491 1519 1562 1608 1625 1596 1547 1503 1524 1584 1631 1680 1741 1772 1779 1787 1802 1827 1855 1887 1921 1940 1950 1954 1977 2028 2066 2098 2126 2144 2168 2196 2223 2242 2256 2253 2237 2233 2236 2233 2232 2217 2196 2174 2159 2138 2115 2079 2049 2017 1981 1940 1899 1875 1860 1845 1834 1822 1806 1791 1772 1754 1731 1704 1670 1641 1607 1571 1530 1489 1452 1432 1419 1410 1398 1383 1373 1366 1352 1336 1331 1328 1314 1293
1476 1498 1542 1591 1611 1594 1547 1492 1457 1507 1564 1620 1677 1724 1755 1763 1775 1790 1818 1846 1881 1900 1897 1916 1955 1995 2026 2056 2081 2099 2124 2153 2182 2206 2218 2211 2197 2187 2180 2171 2163 2157 2142 2129 2115 2097 2073 2043 2017 1997 1970 1939 1898 1864 1822 1792 1767 1748 1734 1736 1731 1716 1685 1655 1627 1598 1568 1540 1509 1474 1450 1426 1400 1385 1371 1364 1354 1342 1328 1318 1311 1306 1295 1271
1466 1468 1511 1559 1580 1580 1559 1500 1446 1448 1487 1548 1626 1673 1710 1730 1750 1770 1797 1820 1840 1847 1856 1896 1937 1963 1984 2007 2029 2050 2083 2119 2149 2173 2180 2171 2156 2142 2131 2117 2114 2106 2097 2091 2078 2061 2039 2014 1995 1977 1957 1936 1916 1886 1854 1804 1743 1701 1674 1667 1663 1664 1649 1625 1583 1558 1536 1510 1479 1457 1439 1421 1399 1381 1366 1350 1341 1333 1321 1309 1302 1298 1291 1279
1450 1450 1482 1523 1556 1563 1551 1507 1458 1419 1436 1475 1543 1623 1662 1691 1724 1743 1765 1783 1793 1802 1831 1872 1897 1916 1937 1958 1985 2012 2043 2076 2110 2133 2135 2127 2112 2097 2089 2085 2085 2078 2072 2063 2049 2035 2014 1991 1976 1956 1934 1917 1901 1882 1852 1817 1771 1712 1669 1632 1604 1602 1598 1588 1564 1533 1504 1486 1464 1443 1421 1402 1382 1365 1355 1336 1328 1322 1316 1306 1297 1291 1284 1271
1437 1436 1455 1487 1521 1544 1536 1508 1462 1412 1392 1421 1483 1558 1617 1657 1689 1706 1723 1740 1751 1776 1813 1834 1847 1867 1890 1911 1939 1963 1995 2030 2063 2082 2090 2082 2069 2059 2057 2061 2059 2053 2049 2039 2024 2003 1988 1969 1951 1931 1916 1904 1879 1857 1829 1799 1768 1730 1695 1655 1619 1593 1566 1539 1518 1504 1487 1465 1438 1416 1397 1379 1358 1341 1327 1313 1310 1310 1303 1296 1289 1281 1266 1254
1424 1417 1426 1451 1474 1498 1501 1485 1460 1424 1383 1375 1415 1493 1570 1626 1651 1664 1684 1704 1728 1758 1776 1791 1807 1824 1844 1874 1899 1931 1967 2001 2024 2035 2038 2038 2032 2028 2027 2029 2033 2030 2025 2013 1998 1983 1964 1948 1927 1909 1896 1882 1856 1829 1794 1760 1731 1700 1670 1639 1619 1591 1557 1527 1494 1477 1463 1437 1404 1381 1364 1348 1330 1309 1297 1292 1293 1293 1289 1284 1274 1260 1255 1272
1411 1393 1393 1407 1424 1440 1444 1442 1425 1403 1372 1358 1390 1446 1545 1596 1619 1630 1654 1681 1701 1719 1736 1752 1769 1793 1819 1848 1877 1906 1938 1967 1986 1997 1999 2003 2001 2001 2002 2006 2010 2011 2004 1994 1979 1962 1944 1922 1905 1896 1879 1854 1825 1792 1761 1731 1695 1659 1623 1608 1597 1561 1535 1522 1494 1448 1420 1395 1366 1346 1330 1311 1297 1283 1277 1277 1279 1278 1274 1269 1255 1262 1284 1303
1404 1375 1360 1363 1367 1371 1376 1379 1381 1376 1353 1345 1373 1433 1523 1572 1590 1605 1629 1652 1672 1689 1704 1728 1755 1780 1801 1825 1851 1874 1905 1929 1948 1959 1966 1971 1973 1976 1981 1987 1991 1991 1982 1971 1958 1939 1916 1898 1892 1873 1851 1818 1788 1756 1721 1690 1657 1623 1599 1582 1561 1535 1514 1493 1460 1426 1388 1347 1333 1311 1296 1282 1272 1267 1266 1264 1264 1263 1259 1252 1252 1277 1305 1325
1387 1349 1333 1329 1331 1332 1338 1344 1351 1352 1330 1336 1385 1453 1514 1537 1566 1594 1612 1626 1642 1664 1685 1717 1743 1764 1782 1797 1822 1841 1868 1890 1912 1922 1927 1933 1942 1954 1962 1967 1971 1967 1958 1943 1929 1913 1896 1883 1859 1833 1807 1773 1740 1711 1680 1652 1623 1598 1579 1559 1539 1520 1475 1438 1421 1392 1358 1326 1305 1287 1272 1261 1259 1256 1254 1253 1254 1251 1245 1241 1249 1280 1313 1346
1358 1332 1317 1307 1306 1308 1318 1323 1320 1319 1311 1334 1394 1462 1497 1527 1548 1573 1588 1605 1628 1651 1672 1701 1719 1738 1754 1769 1790 1811 1835 1856 1875 1887 1897 1909 1922 1932 1943 1947 1945 1939 1927 1911 1901 1888 1871 1845 1814 1783 1757 1724 1694 1663 1637 1618 1602 1578 1549 1529 1503 1471 1423 1387 1380 1349 1309 1283 1274 1273 1260 1247 1240 1235 1235 1236 1236 1239 1248 1262 1287 1300 1307 1327
1364 1336 1317 1295 1288 1293 1299 1299 1293 1301 1322 1358 1402 1451 1485 1514 1534 1558 1584 1602 1615 1629 1648 1671 1692 1718 1737 1757 1772 1791 1809 1832 1845 1855 1876 1892 1904 1911 1917 1918 1911 1899 1887 1880 1872 1851 1828 1800 1767 1733 1703 1677 1650 1625 1609 1583 1562 1539 1510 1488 1450 1408 1368 1346 1337 1302 1267 1255 1251 1252 1247 1235 1226 1226 1230 1235 1250 1278 1304 1324 1338 1348 1353 1347
1358 1335 1310 1289 1274 1269 1273 1280 1295 1314 1342 1369 1404 1439 1478 1503 1524 1543 1559 1575 1591 1608 1627 1645 1667 1690 1710 1725 1743 1765 1782 1802 1816 1832 1852 1866 1875 1883 1885 1879 1870 1862 1857 1846 1829 1806 1781 1751 1722 1691 1664 1633 1612 1596 1571 1547 1522 1494 1459 1431 1392 1351 1315 1298 1288 1260 1246 1241 1239 1238 1233 1225 1225 1231 1243 1266 1287 1307 1331 1360 1383 1384 1390 1404
1372 1332 1301 1274 1255 1258 1275 1288 1297 1321 1347 1380 1414 1444 1469 1487 1497 1515 1535 1551 1567 1584 1598 1619 1639 1658 1676 1694 1711 1729 1749 1766 1787 1806 1822 1832 1840 1846 1842 1836 1830 1825 1816 1798 1781 1761 1733 1705 1679 1651 1628 1600 1569 1562 1539 1506 1471 1440 1408 1372 1340 1309 1280 1270 1257 1240 1232 1232 1227 1227 1225 1229 1247 1265 1283 1302 1314 1325 1340 1374 1411 1423 1425 1433
1365 1326 1290 1256 1238 1248 1262 1272 1290 1317 1350 1395 1418 1428 1450 1471 1482 1501 1517 1532 1544 1559 1578 1599 1617 1635 1652 1665 1680 1698 1719 1736 1754 1769 1787 1799 1805 1807 1799 1794 1791 1784 1772 1756 1738 1715 1693 1664 1641 1627 1606 1584 1560 1538 1500 1460 1426 1396 1357 1322 1295 1266 1254 1243 1235 1224 1222 1222 1224 1228 1233 1251 1273 1293 1307 1323 1336 1353 1374 1401 1429 1455 1468 1463
1355 1315 1275 1242 1221 1222 1237 1255 1280 1310 1338 1363 1385 1407 1434 1454 1465 1480 1494 1508 1525 1539 1559 1574 1586 1602 1620 1636 1653 1672 1685 1701 1715 1734 1750 1760 1766 1768 1766 1760 1754 1744 1729 1717 1699 1680 1656 1634 1620 1603 1575 1557 1534 1490 1451 1409 1373 1340 1310 1285 1262 1239 1221 1216 1212 1211 1213 1229 1241 1247 1258 1275 1297 1322 1337 1352 1369 1387 1416 1448 1472 1498 1519 1513
1350 1310 1270 1236 1211 1204 1219 1243 1272 1285 1295 1315 1347 1382 1415 1431 1444 1457 1471 1485 1497 1511 1532 1542 1558 1577 1591 1605 1620 1634 1649 1665 1686 1703 1713 1720 1725 1727 1724 1716 1709 1700 1693 1678 1663 1642 1617 1602 1587 1567 1547 1520 1481 1448 1412 1368 1329 1292 1270 1253 1234 1220 1221 1228 1232 1230 1245 1265 1270 1280 1296 1319 1338 1356 1369 1388 1418 1439 1463 1494 1524 1547 1575 1570
1345 1311 1267 1244 1215 1195 1208 1236 1257 1266 1267 1277 1302 1343 1380 1402 1417 1429 1442 1455 1466 1485 1500 1511 1533 1549 1565 1575 1588 1604 1619 1640 1659 1671 1678 1682 1683 1685 1682 1680 1676 1664 1657 1649 1638 1622 1593 1572 1543 1522 1503 1462 1435 1396 1360 1317 1281 1254 1235 1225 1219 1224 1229 1240 1257 1270 1273 1287 1313 1334 1343 1358 1379 1396 1414 1440 1462 1483 1506 1537 1569 1595 1620 1625
1347 1307 1261 1231 1202 1183 1199 1222 1240 1249 1248 1253 1269 1300 1337 1367 1389 1399 1408 1422 1438 1455 1470 1482 1504 1520 1536 1549 1565 1585 1600 1618 1635 1644 1648 1654 1658 1658 1657 1655 1651 1644 1637 1635 1628 1606 1575 1531 1484 1463 1437 1415 1388 1347 1309 1266 1239 1215 1214 1221 1226 1235 1256 1267 1280 1293 1311 1313 1324 1361 1385 1396 1422 1447 1466 1486 1511 1532 1555 1584 1614 1638 1667 1683
1344 1296 1261 1224 1194 1172 1175 1198 1217 1223 1228 1235 1248 1273 1299 1318 1342 1362 1383 1395 1410 1431 1442 1457 1478 1497 1511 1528 1543 1563 1583 1604 1616 1625 1632 1639 1641 1644 1646 1642 1637 1631 1630 1616 1594 1572 1534 1482 1440 1409 1386 1368 1336 1301 1262 1232 1215 1216 1225 1232 1245 1258 1270 1287 1308 1332 1346 1359 1360 1372 1396 1422 1456 1482 1510 1530 1550 1573 1597 1629 1652 1684 1717 1733
1360 1313 1267 1228 1201 1169 1158 1175 1188 1189 1195 1201 1217 1237 1253 1267 1296 1327 1357 1378 1385 1400 1416 1433 1451 1466 1484 1505 1527 1548 1572 1595 1610 1620 1627 1635 1640 1644 1642 1634 1625 1615 1595 1577 1551 1522 1490 1439 1397 1363 1340 1318 1285 1257 1236 1208 1210 1221 1240 1261 1287 1311 1319 1318 1324 1349 1380 1401 1419 1423 1420 1413 1433 1480 1540 1565 1586 1611 1643 1677 1702 1727 1750 1767
1379 1329 1290 1242 1205 1174 1151 1160 1164 1163 1162 1170 1188 1194 1201 1224 1254 1286 1323 1354 1374 1382 1391 1406 1426 1446 1463 1488 1516 1543 1571 1591 1604 1619 1636 1642 1641 1639 1632 1621 1607 1585 1554 1540 1511 1478 1435 1400 1362 1321 1291 1265 1244 1228 1211 1198 1210 1238 1279 1311 1338 1353 1362 1359 1365 1391 1422 1449 1471 1491 1505 1493 1465 1467 1531 1582 1620 1651 1682 1710 1736 1763 1783 1793
1414 1364 1311 1272 1224 1186 1150 1140 1137 1136 1135 1144 1158 1162 1166 1188 1218 1248 1281 1323 1360 1371 1370 1387 1404 1436 1464 1493 1521 1547 1573 1588 1600 1615 1626 1629 1629 1627 1617 1603 1574 1540 1514 1496 1468 1431 1394 1362 1318 1276 1251 1231 1213 1201 1197 1200 1221 1261 1293 1319 1336 1348 1362 1376 1397 1427 1458 1492 1517 1544 1568 1583 1544 1514 1499 1545 1599 1642 1693 1735 1761 1780 1807 1825
1443 1407 1356 1298 1248 1196 1156 1133 1125 1122 1121 1130 1140 1140 1140 1157 1179 1212 1250 1290 1331 1363 1366 1377 1415 1446 1469 1494 1522 1550 1565 1581 1592 1602 1610 1614 1610 1603 1585 1558 1524 1495 1471 1453 1425 1385 1353 1315 1271 1242 1225 1207 1199 1201 1212 1230 1240 1261 1285 1305 1327 1355 1381 1402 1429 1457 1491 1528 1556 1586 1607 1623 1614 1589 1543 1522 1558 1623 1682 1734 1776 1805 1830 1850
1474 1431 1375 1322 1259 1218 1170 1145 1130 1118 1114 1118 1118 1114 1115 1128 1148 1180 1223 1266 1306 1345 1358 1370 1402 1432 1467 1498 1525 1544 1557 1570 1579 1584 1584 1584 1571 1556 1542 1515 1483 1449 1423 1399 1370 1336 1303 1272 1241 1219 1206 1207 1217 1220 1229 1250 1261 1279 1299 1324 1360 1387 1415 1439 1471 1499 1533 1563 1589 1616 1644 1668 1676 1665 1632 1590 1568 1588 1649 1712 1766 1812 1850 1876
1443 1407 1368 1322 1275 1239 1194 1144 1125 1113 1109 1109 1107 1105 1106 1115 1135 1165 1200 1238 1280 1319 1334 1351 1387 1430 1469 1497 1519 1539 1552 1564 1568 1566 1560 1555 1532 1514 1501 1482 1456 1418 1381 1350 1315 1283 1254 1233 1214 1198 1202 1214 1226 1233 1248 1262 1267 1289 1322 1350 1380 1402 1430 1464 1500 1535 1567 1592 1620 1649 1675 1707 1730 1737 1715 1678 1636 1606 1615 1669 1730 1784 1842 1892
1429 1407 1380 1337 1299 1256 1203 1155 1120 1106 1108 1104 1103 1100 1099 1110 1131 1153 1184 1216 1249 1282 1309 1349 1393 1440 1466 1491 1510 1533 1548 1556 1557 1551 1540 1526 1501 1484 1468 1442 1409 1379 1342 1305 1271 1246 1221 1206 1190 1194 1214 1230 1239 1245 1260 1271 1286 1313 1349 1378 1408 1438 1468 1498 1527 1565 1597 1627 1661 1689 1714 1738 1763 1781 1778 1752 1720 1679 1645 1650 1695 1754 1820 1879
1475 1439 1395 1348 1302 1255 1212 1161 1112 1099 1099 1102 1101 1099 1099 1104 1120 1152 1191 1223 1259 1296 1335 1365 1410 1441 1463 1483 1506 1529 1541 1543 1535 1525 1507 1489 1465 1455 1423 1390 1361 1328 1294 1263 1235 1215 1198 1184 1190 1214 1234 1250 1261 1268 1275 1283 1302 1337 1365 1392 1419 1457 1493 1526 1565 1604 1629 1660 1694 1726 1752 1776 1791 1805 1807 1791 1767 1748 1730 1713 1716 1740 1792 1859
1460 1415 1367 1324 1281 1242 1198 1148 1110 1100 1098 1098 1097 1095 1095 1102 1116 1149 1199 1235 1273 1319 1355 1375 1409 1442 1467 1489 1508 1528 1531 1521 1511 1494 1470 1451 1433 1407 1373 1341 1314 1283 1260 1236 1212 1191 1183 1196 1209 1225 1243 1255 1265 1278 1293 1303 1305 1324 1360 1409 1456 1493 1522 1562 1600 1633 1665 1701 1728 1761 1788 1812 1827 1834 1841 1843 1831 1811 1816 1817 1800 1781 1785 1844
1450 1400 1351 1314 1263 1217 1179 1136 1097 1097 1096 1093 1091 1093 1096 1104 1117 1146 1192 1237 1279 1322 1360 1380 1411 1448 1473 1493 1508 1514 1508 1494 1481 1467 1439 1413 1389 1358 1323 1297 1280 1252 1231 1205 1182 1187 1205 1217 1229 1240 1249 1257 1271 1306 1340 1357 1358 1346 1343 1387 1448 1500 1542 1589 1628 1663 1693 1733 1767 1797 1823 1846 1861 1867 1873 1884 1882 1874 1873 1875 1870 1847 1822 1841
1444 1400 1355 1309 1260 1209 1163 1122 1092 1092 1092 1092 1091 1092 1103 1112 1124 1150 1196 1245 1299 1337 1367 1390 1424 1450 1472 1488 1490 1486 1472 1453 1445 1428 1397 1371 1343 1310 1276 1257 1242 1224 1199 1173 1177 1200 1219 1235 1244 1256 1267 1284 1324 1354 1381 1393 1407 1422 1395 1372 1406 1465 1519 1609 1657 1698 1724 1762 1800 1829 1857 1876 1888 1896 1908 1923 1929 1930 1934 1929 1919 1893 1862 1871
