Assets/TerrainData/appRasterSelectAPIService1698152981436-1529073153.asc
ncols        192
nrows        77
xllcorner    7.992083333291
yllcorner    46.397083333336
cellsize     0.000833333333
NODATA_value 0
[rows 0 to 37 of 77, columns 84 to 167 of 192]
2466 2453 2437 2427 2422 2423 2424 2426 2427 2423 2422 2424 2422 2423 2422 2421 2421 2420 2419 2418 2417 2413 2409 2410 2407 2403 2397 2393 2393 2409 2436 2478 2527 2582 2647 2700 2738 2768 2810 2869 2952 3002 3023 2977 2948 2933 2914 2882 2849 2828 2810 2788 2781 2771 2764 2750 2739 2734 2731 2727 2713 2688 2644 2606 2570 2543 2503 2448 2390 2338 2273 2220 2149 2102 2051 2000 1918 1880 1857 1858 1853 1850 1855 1863
2503 2477 2441 2427 2418 2418 2420 2421 2422 2421 2421 2423 2419 2417 2417 2416 2414 2415 2415 2413 2410 2407 2403 2403 2400 2398 2397 2395 2394 2402 2435 2476 2546 2607 2645 2679 2720 2759 2808 2877 2960 3015 3019 2959 2938 2924 2911 2884 2850 2828 2806 2789 2767 2746 2727 2705 2693 2700 2700 2699 2694 2676 2640 2606 2566 2527 2497 2440 2390 2349 2312 2275 2217 2163 2106 2038 1975 1884 1852 1849 1842 1837 1843 1853
2529 2488 2453 2427 2414 2412 2412 2415 2418 2418 2418 2418 2418 2414 2411 2410 2409 2409 2410 2406 2403 2402 2399 2395 2394 2394 2392 2393 2393 2399 2430 2476 2526 2572 2613 2657 2713 2760 2829 2911 2977 3027 3031 2946 2917 2908 2892 2871 2842 2810 2785 2764 2743 2717 2688 2659 2646 2648 2653 2659 2661 2660 2642 2629 2614 2597 2557 2512 2459 2407 2365 2318 2257 2197 2132 2065 1993 1923 1855 1836 1834 1831 1833 1844
2551 2496 2461 2430 2414 2406 2405 2408 2411 2413 2412 2412 2412 2409 2406 2405 2401 2400 2401 2399 2396 2394 2390 2388 2387 2388 2388 2387 2388 2402 2428 2475 2519 2565 2617 2670 2715 2787 2868 2932 2990 3035 3009 2931 2895 2881 2857 2837 2812 2784 2759 2739 2720 2698 2664 2635 2619 2615 2612 2611 2622 2628 2624 2614 2602 2601 2587 2540 2501 2452 2405 2352 2292 2229 2146 2079 2010 1943 1866 1832 1826 1825 1826 1833
2562 2513 2470 2433 2411 2401 2398 2399 2402 2406 2406 2406 2405 2403 2402 2400 2398 2392 2389 2388 2387 2389 2389 2382 2383 2384 2384 2383 2384 2419 2468 2516 2576 2620 2658 2700 2765 2834 2903 2958 3004 3007 2961 2911 2884 2860 2835 2814 2790 2763 2737 2722 2709 2686 2655 2630 2614 2599 2588 2586 2590 2593 2590 2583 2571 2567 2564 2544 2508 2462 2411 2370 2315 2266 2185 2095 2021 1959 1886 1837 1821 1818 1818 1823
2572 2524 2477 2434 2410 2398 2393 2393 2394 2397 2399 2400 2401 2401 2395 2393 2389 2386 2383 2380 2381 2380 2382 2380 2380 2379 2378 2375 2379 2413 2471 2546 2604 2646 2693 2728 2775 2819 2885 2940 2982 2971 2925 2892 2867 2842 2815 2792 2771 2748 2726 2706 2689 2669 2641 2614 2593 2582 2578 2572 2569 2564 2552 2543 2534 2528 2531 2531 2505 2464 2403 2355 2299 2254 2205 2130 2046 1974 1905 1835 1813 1809 1809 1811
2573 2539 2485 2443 2415 2399 2391 2389 2390 2392 2394 2394 2399 2397 2393 2389 2384 2380 2377 2377 2378 2379 2378 2379 2377 2375 2374 2369 2364 2377 2445 2530 2592 2629 2659 2686 2741 2792 2862 2909 2963 2969 2927 2881 2843 2810 2769 2748 2737 2724 2706 2683 2664 2650 2625 2596 2570 2561 2560 2557 2554 2545 2525 2506 2494 2489 2500 2505 2498 2477 2430 2387 2321 2278 2225 2156 2061 1980 1919 1858 1811 1798 1798 1796
2575 2536 2484 2446 2422 2406 2392 2387 2385 2389 2390 2390 2391 2392 2387 2383 2379 2376 2372 2371 2371 2374 2376 2376 2374 2371 2369 2365 2357 2356 2408 2487 2544 2587 2616 2657 2715 2785 2849 2907 2967 2983 2929 2890 2832 2799 2745 2711 2698 2687 2678 2670 2655 2636 2607 2570 2554 2547 2547 2546 2538 2522 2506 2480 2463 2461 2462 2472 2480 2466 2436 2403 2328 2274 2234 2149 2051 1970 1922 1869 1820 1793 1784 1783
2555 2520 2486 2464 2438 2411 2389 2379 2379 2382 2381 2380 2384 2386 2384 2380 2376 2374 2371 2368 2368 2370 2371 2370 2369 2366 2362 2358 2355 2354 2383 2438 2504 2548 2619 2667 2732 2789 2852 2923 2972 3008 2954 2905 2829 2798 2759 2720 2696 2672 2657 2653 2648 2637 2608 2569 2541 2527 2524 2524 2519 2502 2484 2463 2441 2426 2416 2417 2424 2439 2406 2355 2261 2225 2143 2062 1993 1939 1913 1884 1852 1807 1775 1771
2575 2546 2512 2482 2451 2415 2386 2373 2372 2374 2374 2376 2380 2378 2377 2375 2371 2369 2369 2364 2360 2366 2367 2367 2366 2364 2360 2355 2353 2356 2374 2420 2497 2569 2631 2685 2738 2793 2858 2934 2984 2999 2942 2883 2836 2811 2782 2752 2720 2694 2670 2658 2641 2627 2601 2569 2535 2511 2501 2502 2498 2488 2469 2442 2410 2386 2370 2356 2343 2317 2299 2233 2161 2123 2066 1998 1946 1924 1897 1881 1856 1827 1804 1779
2627 2587 2523 2486 2448 2418 2387 2369 2363 2365 2366 2367 2371 2371 2374 2372 2366 2364 2366 2364 2361 2361 2363 2363 2361 2356 2353 2351 2350 2357 2380 2439 2506 2569 2618 2674 2722 2774 2848 2930 2988 2965 2873 2841 2825 2805 2781 2765 2744 2717 2692 2674 2653 2631 2596 2566 2532 2498 2486 2486 2481 2474 2450 2413 2379 2362 2334 2309 2278 2252 2187 2132 2075 2036 1995 1949 1921 1893 1864 1838 1818 1816 1814 1813
2644 2609 2544 2489 2447 2414 2382 2362 2355 2355 2357 2359 2364 2366 2369 2367 2365 2361 2361 2360 2360 2361 2361 2360 2356 2352 2348 2347 2345 2351 2372 2433 2511 2569 2622 2666 2727 2807 2877 2967 2987 2883 2817 2799 2784 2765 2756 2748 2739 2726 2714 2707 2685 2653 2611 2577 2541 2502 2482 2472 2465 2461 2435 2395 2362 2338 2301 2258 2219 2172 2117 2078 2038 1985 1950 1921 1894 1854 1831 1793 1773 1772 1771 1781
2660 2613 2558 2490 2447 2415 2380 2355 2350 2349 2350 2354 2358 2361 2362 2364 2361 2360 2358 2355 2354 2354 2354 2355 2353 2351 2347 2343 2341 2342 2357 2440 2522 2579 2633 2692 2772 2854 2920 2977 2928 2814 2780 2766 2743 2729 2723 2716 2706 2700 2696 2698 2701 2686 2666 2622 2566 2527 2503 2478 2459 2446 2414 2382 2354 2322 2275 2231 2191 2144 2098 2062 2024 1965 1931 1900 1862 1824 1795 1759 1732 1717 1715 1727
2657 2610 2545 2480 2437 2407 2370 2347 2340 2341 2343 2345 2348 2351 2355 2355 2354 2354 2355 2354 2351 2351 2352 2352 2350 2349 2345 2341 2338 2343 2369 2444 2523 2586 2651 2709 2796 2844 2902 2916 2871 2781 2747 2735 2714 2698 2682 2669 2665 2660 2659 2660 2661 2657 2638 2616 2589 2551 2519 2486 2461 2442 2409 2378 2347 2312 2268 2219 2172 2123 2086 2048 2008 1966 1927 1891 1857 1819 1790 1746 1707 1672 1655 1662
2626 2580 2523 2472 2429 2394 2359 2334 2329 2333 2336 2339 2340 2345 2349 2348 2348 2348 2349 2349 2349 2350 2349 2347 2347 2345 2343 2338 2335 2341 2375 2450 2533 2597 2641 2719 2767 2792 2816 2825 2813 2763 2716 2703 2684 2659 2638 2626 2624 2623 2627 2625 2617 2608 2601 2587 2569 2544 2514 2480 2447 2421 2388 2357 2320 2290 2251 2205 2162 2115 2080 2041 2003 1964 1933 1896 1866 1834 1785 1728 1679 1637 1611 1602
2597 2548 2507 2445 2411 2382 2345 2321 2322 2329 2329 2330 2334 2339 2343 2344 2344 2345 2345 2344 2344 2346 2346 2346 2341 2339 2337 2335 2330 2331 2358 2451 2549 2588 2636 2694 2724 2732 2739 2739 2733 2712 2689 2673 2651 2636 2618 2603 2602 2603 2596 2587 2580 2574 2572 2559 2540 2515 2490 2466 2438 2413 2374 2338 2301 2267 2223 2188 2160 2123 2091 2058 2028 1995 1959 1925 1883 1847 1807 1755 1663 1612 1580 1572
2569 2523 2484 2431 2398 2369 2331 2312 2318 2322 2325 2324 2328 2336 2337 2340 2339 2337 2337 2339 2337 2341 2342 2341 2338 2334 2331 2328 2323 2332 2378 2467 2538 2577 2620 2658 2672 2678 2681 2681 2673 2670 2661 2647 2634 2624 2610 2592 2584 2574 2561 2552 2546 2545 2543 2529 2512 2491 2466 2442 2417 2396 2366 2335 2290 2255 2217 2193 2182 2166 2146 2125 2076 2045 2011 1970 1914 1868 1827 1743 1671 1604 1571 1551
2544 2498 2456 2411 2374 2346 2319 2310 2316 2320 2322 2322 2326 2331 2332 2333 2331 2330 2333 2336 2336 2339 2337 2335 2333 2330 2325 2323 2316 2325 2375 2433 2512 2547 2584 2614 2626 2630 2635 2635 2632 2630 2622 2609 2599 2587 2573 2561 2549 2533 2522 2518 2517 2518 2516 2501 2479 2457 2437 2412 2391 2370 2354 2332 2306 2285 2279 2256 2242 2237 2215 2190 2135 2088 2051 2003 1935 1876 1817 1715 1667 1613 1564 1537
2539 2492 2451 2405 2365 2330 2307 2308 2312 2316 2316 2317 2318 2326 2328 2329 2326 2324 2327 2329 2330 2331 2331 2327 2325 2324 2322 2316 2310 2315 2360 2412 2468 2506 2550 2574 2589 2595 2597 2597 2594 2585 2574 2563 2551 2539 2529 2518 2509 2493 2487 2485 2485 2485 2482 2471 2449 2426 2407 2388 2373 2359 2343 2338 2351 2352 2339 2339 2347 2337 2293 2235 2179 2123 2070 2002 1945 1881 1805 1713 1672 1622 1577 1537
2516 2479 2436 2396 2355 2312 2296 2300 2305 2308 2310 2314 2316 2321 2323 2326 2324 2320 2323 2323 2324 2326 2323 2319 2318 2317 2314 2306 2302 2300 2327 2378 2425 2467 2504 2530 2549 2559 2559 2556 2556 2546 2537 2528 2517 2506 2496 2483 2470 2462 2460 2458 2456 2450 2442 2429 2413 2396 2381 2374 2362 2354 2362 2375 2388 2386 2390 2390 2378 2351 2308 2265 2205 2134 2081 2022 1950 1881 1822 1756 1691 1633 1581 1539
2486 2458 2410 2370 2330 2298 2286 2291 2297 2302 2307 2311 2313 2316 2319 2320 2318 2316 2318 2318 2320 2320 2317 2314 2313 2308 2303 2297 2294 2287 2301 2339 2375 2409 2444 2468 2492 2511 2519 2517 2510 2506 2501 2497 2491 2486 2478 2466 2453 2445 2438 2433 2423 2417 2402 2391 2382 2371 2366 2361 2364 2374 2390 2400 2407 2421 2423 2412 2381 2350 2304 2269 2207 2141 2092 2041 1966 1886 1846 1790 1727 1660 1593 1545
2429 2426 2387 2336 2298 2276 2279 2285 2289 2295 2302 2305 2312 2313 2314 2315 2312 2311 2313 2315 2315 2314 2310 2307 2305 2300 2298 2292 2290 2281 2279 2301 2330 2358 2383 2406 2429 2451 2465 2470 2469 2466 2463 2465 2463 2460 2453 2444 2431 2420 2411 2401 2391 2386 2380 2375 2369 2368 2367 2377 2392 2400 2411 2427 2443 2446 2442 2426 2391 2360 2330 2284 2219 2152 2094 2043 1968 1913 1868 1796 1742 1671 1610 1556
2370 2371 2334 2301 2271 2256 2261 2274 2281 2290 2295 2299 2306 2307 2309 2308 2306 2309 2308 2307 2308 2306 2303 2301 2300 2296 2292 2288 2286 2273 2258 2266 2288 2316 2341 2354 2374 2397 2410 2419 2421 2421 2421 2422 2424 2424 2423 2415 2404 2391 2383 2375 2366 2362 2358 2359 2365 2374 2384 2398 2408 2423 2444 2457 2466 2466 2451 2432 2400 2363 2321 2269 2211 2158 2098 2039 1983 1927 1876 1822 1761 1672 1636 1568
2304 2301 2282 2261 2235 2232 2248 2263 2275 2284 2291 2295 2298 2302 2303 2299 2301 2302 2301 2301 2304 2301 2298 2295 2293 2290 2288 2286 2281 2271 2257 2255 2263 2281 2304 2319 2332 2349 2360 2371 2382 2386 2388 2390 2390 2390 2391 2388 2379 2368 2363 2362 2360 2361 2361 2368 2381 2389 2406 2421 2435 2451 2474 2484 2484 2477 2458 2430 2386 2341 2292 2240 2196 2151 2101 2058 2021 1950 1879 1810 1763 1744 1702 1580
2243 2238 2218 2207 2209 2223 2238 2253 2267 2277 2284 2290 2293 2296 2299 2296 2295 2296 2296 2298 2298 2293 2289 2289 2288 2287 2286 2285 2282 2276 2270 2276 2282 2293 2298 2302 2305 2317 2329 2339 2351 2357 2360 2359 2360 2359 2362 2364 2365 2360 2355 2360 2360 2368 2382 2398 2408 2420 2437 2457 2482 2495 2503 2516 2506 2474 2438 2397 2354 2300 2254 2214 2175 2135 2098 2054 2014 1964 1910 1849 1815 1761 1693 1602
2191 2194 2195 2201 2208 2218 2232 2246 2258 2270 2277 2282 2286 2290 2292 2292 2291 2292 2293 2294 2292 2289 2287 2285 2285 2283 2281 2277 2287 2301 2303 2305 2303 2304 2305 2305 2308 2312 2318 2323 2330 2335 2338 2339 2342 2345 2350 2353 2351 2355 2358 2368 2384 2400 2416 2431 2437 2455 2478 2501 2519 2523 2537 2541 2507 2466 2413 2366 2325 2269 2217 2178 2137 2104 2072 2040 1998 1951 1905 1859 1806 1753 1699 1634
2180 2187 2195 2202 2206 2214 2221 2234 2249 2261 2271 2273 2277 2280 2283 2286 2285 2287 2286 2287 2285 2284 2283 2282 2281 2279 2278 2276 2295 2328 2344 2345 2332 2332 2330 2325 2326 2331 2332 2332 2332 2332 2332 2335 2343 2350 2350 2348 2352 2366 2381 2395 2417 2431 2441 2452 2471 2486 2505 2524 2545 2554 2560 2544 2491 2448 2382 2341 2293 2236 2193 2148 2098 2054 2028 2000 1970 1924 1873 1826 1776 1735 1693 1614
2185 2191 2197 2201 2206 2209 2216 2225 2239 2250 2259 2262 2268 2273 2276 2276 2278 2279 2281 2282 2279 2280 2279 2279 2278 2274 2269 2276 2311 2357 2393 2407 2390 2372 2372 2372 2363 2358 2361 2363 2360 2356 2354 2359 2364 2365 2362 2363 2375 2396 2412 2423 2441 2451 2468 2485 2495 2518 2539 2559 2569 2570 2561 2531 2456 2413 2355 2302 2243 2192 2155 2108 2055 2012 1985 1953 1909 1877 1831 1795 1754 1707 1673 1624
2190 2197 2202 2204 2206 2209 2211 2218 2227 2239 2247 2253 2259 2263 2268 2271 2276 2277 2276 2275 2274 2275 2273 2273 2272 2266 2263 2275 2317 2377 2434 2471 2485 2471 2442 2428 2414 2408 2410 2406 2403 2398 2399 2398 2394 2394 2397 2406 2415 2432 2441 2455 2469 2482 2503 2519 2534 2554 2572 2585 2569 2540 2527 2490 2420 2357 2296 2242 2197 2156 2108 2065 2027 1986 1937 1902 1867 1826 1796 1775 1733 1679 1640 1592
2198 2205 2205 2208 2209 2207 2209 2213 2218 2231 2239 2249 2252 2257 2260 2265 2270 2270 2271 2269 2268 2269 2268 2265 2262 2260 2260 2286 2335 2407 2464 2509 2544 2552 2523 2508 2482 2469 2466 2466 2457 2454 2450 2440 2438 2440 2446 2459 2458 2466 2477 2485 2500 2518 2535 2557 2577 2594 2594 2575 2525 2489 2466 2409 2343 2266 2225 2196 2165 2128 2084 2034 1997 1955 1905 1857 1822 1784 1752 1729 1694 1647 1606 1561
2198 2203 2209 2210 2208 2208 2211 2214 2218 2228 2237 2244 2248 2253 2254 2258 2262 2264 2261 2263 2262 2262 2261 2258 2253 2250 2264 2313 2364 2423 2480 2533 2573 2609 2593 2567 2547 2526 2526 2522 2516 2508 2499 2495 2485 2477 2483 2489 2498 2503 2516 2523 2538 2556 2571 2585 2592 2573 2550 2514 2459 2435 2390 2327 2269 2226 2184 2155 2126 2092 2048 2005 1969 1924 1867 1824 1784 1748 1711 1680 1645 1605 1569 1522
2201 2205 2206 2207 2208 2210 2213 2215 2221 2229 2234 2240 2245 2248 2251 2252 2253 2256 2255 2256 2253 2253 2251 2252 2246 2256 2287 2330 2369 2427 2481 2536 2583 2635 2663 2641 2614 2599 2588 2585 2573 2563 2553 2542 2526 2520 2526 2533 2547 2551 2562 2563 2577 2584 2587 2571 2548 2514 2480 2439 2413 2376 2325 2271 2223 2186 2151 2123 2089 2054 2018 1981 1933 1892 1859 1836 1810 1781 1731 1676 1641 1587 1530 1481
2200 2203 2205 2206 2210 2212 2213 2217 2223 2232 2234 2236 2241 2242 2244 2244 2243 2247 2248 2247 2246 2245 2244 2244 2243 2263 2301 2337 2386 2441 2495 2546 2591 2656 2698 2702 2669 2650 2639 2635 2626 2619 2610 2598 2579 2572 2570 2577 2579 2584 2591 2595 2599 2583 2556 2526 2486 2448 2421 2406 2389 2347 2306 2251 2210 2172 2141 2113 2083 2051 2017 1991 1965 1943 1913 1881 1837 1788 1733 1684 1636 1576 1525 1486
2197 2200 2202 2206 2207 2210 2214 2218 2222 2229 2231 2234 2236 2235 2237 2237 2236 2237 2239 2240 2238 2238 2234 2232 2240 2271 2308 2346 2401 2453 2503 2556 2598 2660 2716 2750 2748 2722 2694 2683 2668 2660 2652 2646 2637 2624 2613 2612 2609 2603 2597 2590 2570 2541 2507 2472 2427 2407 2396 2381 2360 2334 2297 2254 2209 2181 2159 2149 2136 2119 2099 2055 2025 1994 1943 1886 1835 1793 1739 1681 1634 1580 1535 1490
2193 2195 2198 2203 2206 2209 2211 2218 2222 2227 2228 2229 2231 2229 2229 2230 2230 2229 2231 2231 2230 2228 2225 2225 2243 2282 2320 2366 2412 2474 2526 2570 2613 2663 2716 2774 2822 2817 2790 2754 2725 2714 2715 2696 2671 2656 2637 2623 2605 2588 2570 2543 2519 2483 2460 2434 2407 2389 2373 2356 2343 2323 2292 2255 2226 2218 2224 2236 2208 2174 2146 2090 2045 2001 1960 1893 1853 1799 1757 1695 1637 1577 1537 1492
2189 2190 2194 2198 2202 2206 2210 2214 2217 2221 2221 2219 2220 2221 2223 2224 2225 2223 2224 2225 2223 2220 2219 2239 2271 2299 2342 2391 2438 2487 2544 2579 2623 2686 2738 2790 2843 2880 2872 2849 2823 2791 2744 2697 2661 2636 2613 2597 2578 2562 2531 2503 2479 2458 2440 2426 2403 2376 2354 2342 2330 2311 2286 2272 2287 2299 2284 2247 2211 2164 2128 2077 2026 1975 1929 1881 1824 1771 1717 1667 1628 1585 1537 1485
2181 2185 2191 2192 2196 2200 2205 2208 2212 2215 2214 2211 2213 2218 2216 2217 2218 2219 2220 2217 2215 2219 2239 2272 2306 2339 2377 2410 2463 2509 2549 2593 2640 2697 2753 2799 2830 2852 2876 2857 2819 2765 2721 2678 2639 2618 2599 2580 2554 2538 2517 2490 2469 2459 2438 2415 2390 2365 2346 2330 2318 2305 2309 2318 2321 2301 2259 2219 2179 2139 2090 2041 1988 1934 1885 1840 1796 1752 1721 1676 1638 1593 1553 1491
2171 2171 2177 2185 2187 2191 2197 2200 2202 2204 2202 2200 2203 2208 2206 2209 2208 2207 2208 2217 2239 2260 2287 2311 2340 2373 2403 2435 2482 2517 2553 2592 2636 2683 2729 2762 2786 2813 2840 2816 2757 2722 2700 2679 2647 2617 2600 2590 2574 2545 2528 2504 2473 2456 2434 2408 2381 2365 2354 2351 2352 2348 2352 2327 2306 2277 2236 2194 2159 2116 2074 2038 1998 1951 1911 1865 1834 1802 1762 1717 1677 1622 1572 1518
