Assets/TerrainData/appRasterSelectAPIService1698162380677-1111822116.asc
ncols        383
nrows        154
xllcorner    7.923749999957
yllcorner    46.386250000003
cellsize     0.000833333333
NODATA_value 0
[rows 38 to 75 of 154, columns 252 to 335 of 383]
2598 2564 2540 2512 2460 2423 2378 2305 2204 2199 2202 2217 2238 2261 2281 2297 2306 2313 2316 2318 2314 2319 2346 2440 2532 2615 2692 2761 2824 2856 2909 2971 3025 3056 3048 3007 2973 2941 2921 2908 2893 2876 2862 2853 2840 2824 2806 2789 2762 2734 2699 2669 2631 2587 2548 2505 2460 2400 2350 2301 2277 2260 2248 2246 2256 2270 2285 2315 2354 2385 2409 2461 2507 2543 2589 2626 2650 2677 2711 2728 2717 2708 2683 2644
2576 2553 2528 2515 2481 2443 2390 2329 2212 2195 2194 2201 2222 2246 2267 2281 2292 2300 2305 2301 2305 2324 2361 2443 2533 2592 2679 2771 2812 2859 2910 2962 3017 3063 3066 3025 2985 2959 2940 2922 2892 2856 2833 2817 2809 2797 2783 2764 2743 2719 2684 2653 2614 2583 2542 2504 2457 2412 2360 2320 2280 2251 2233 2222 2222 2228 2242 2260 2286 2322 2356 2402 2471 2511 2540 2570 2591 2618 2651 2676 2686 2675 2654 2620
2555 2524 2505 2494 2459 2429 2395 2268 2187 2186 2185 2196 2213 2233 2254 2268 2279 2286 2290 2293 2307 2340 2386 2440 2504 2571 2677 2774 2818 2858 2916 2970 3023 3060 3053 3011 2975 2953 2938 2919 2895 2859 2817 2794 2777 2760 2746 2729 2715 2699 2676 2648 2614 2584 2541 2506 2465 2427 2379 2330 2292 2257 2224 2203 2198 2198 2208 2219 2236 2262 2297 2351 2405 2459 2483 2503 2521 2554 2591 2610 2629 2639 2623 2591
2522 2487 2469 2449 2422 2396 2358 2234 2177 2175 2177 2186 2202 2218 2238 2252 2265 2270 2275 2290 2328 2369 2418 2460 2520 2577 2668 2775 2827 2862 2908 2957 2998 3029 3026 2986 2948 2924 2912 2898 2879 2852 2812 2781 2755 2733 2717 2697 2682 2666 2651 2630 2604 2569 2538 2501 2462 2427 2386 2347 2306 2270 2225 2197 2181 2176 2178 2183 2196 2208 2232 2280 2347 2375 2389 2416 2438 2474 2499 2526 2555 2569 2583 2567
2522 2455 2459 2433 2388 2350 2291 2182 2163 2162 2170 2179 2190 2202 2218 2235 2243 2253 2279 2320 2368 2412 2465 2507 2564 2617 2675 2753 2812 2860 2901 2938 2970 3001 3009 2976 2937 2920 2906 2882 2859 2840 2813 2783 2752 2726 2703 2684 2666 2641 2620 2591 2564 2539 2511 2475 2447 2422 2403 2372 2333 2291 2240 2200 2177 2163 2157 2153 2154 2161 2173 2193 2227 2284 2316 2334 2359 2391 2419 2438 2457 2489 2519 2531
2487 2455 2435 2416 2370 2279 2175 2152 2153 2157 2162 2169 2177 2187 2200 2211 2225 2274 2326 2391 2431 2457 2504 2543 2582 2632 2678 2738 2794 2855 2907 2946 2977 3002 3007 2973 2932 2915 2904 2884 2861 2843 2819 2788 2759 2727 2700 2669 2650 2631 2608 2574 2534 2506 2479 2458 2453 2446 2430 2390 2359 2312 2267 2231 2193 2159 2141 2132 2118 2113 2123 2129 2148 2177 2212 2246 2274 2308 2342 2365 2398 2435 2458 2472
2464 2436 2404 2380 2346 2192 2147 2146 2154 2151 2155 2162 2163 2169 2175 2195 2236 2334 2423 2457 2482 2504 2532 2576 2612 2685 2729 2777 2815 2858 2901 2947 2991 3018 3000 2959 2922 2906 2896 2876 2854 2831 2807 2787 2766 2749 2714 2680 2641 2610 2587 2566 2536 2494 2482 2481 2476 2474 2465 2438 2389 2349 2315 2272 2224 2186 2150 2128 2108 2090 2082 2078 2089 2104 2126 2163 2191 2225 2263 2288 2333 2381 2393 2409
2455 2416 2378 2353 2308 2145 2136 2138 2145 2142 2150 2152 2149 2153 2167 2223 2297 2386 2445 2480 2510 2529 2566 2626 2683 2747 2795 2821 2841 2869 2918 2962 3012 3021 2978 2940 2910 2888 2873 2862 2853 2830 2805 2790 2779 2760 2730 2701 2662 2620 2577 2551 2535 2526 2510 2520 2538 2536 2508 2470 2433 2392 2353 2317 2271 2223 2175 2138 2108 2084 2066 2045 2043 2050 2068 2085 2111 2151 2193 2232 2275 2301 2319 2354
2461 2394 2347 2312 2207 2133 2133 2132 2137 2138 2142 2140 2136 2133 2161 2237 2315 2387 2452 2501 2534 2559 2604 2672 2733 2813 2862 2901 2900 2907 2970 3001 3013 2992 2969 2944 2930 2908 2888 2872 2853 2832 2809 2794 2782 2762 2739 2704 2678 2649 2608 2567 2563 2577 2582 2573 2576 2560 2528 2492 2464 2432 2403 2363 2328 2278 2223 2176 2143 2101 2063 2025 2002 2001 2017 2040 2056 2089 2128 2164 2207 2242 2264 2287
2465 2358 2305 2254 2170 2131 2130 2132 2131 2132 2135 2129 2124 2124 2146 2243 2317 2381 2463 2513 2557 2600 2650 2720 2791 2854 2919 2948 2946 2962 2976 2958 2943 2958 2974 2957 2940 2918 2897 2874 2845 2818 2794 2777 2762 2743 2721 2705 2686 2670 2652 2628 2618 2618 2612 2602 2585 2559 2531 2503 2489 2467 2441 2402 2367 2328 2270 2228 2178 2135 2076 2031 1991 1971 1974 1985 1997 2019 2053 2096 2136 2177 2200 2220
2470 2371 2287 2233 2152 2122 2121 2127 2131 2125 2127 2120 2110 2109 2125 2189 2293 2373 2475 2523 2566 2633 2694 2747 2816 2884 2934 2915 2908 2913 2915 2908 2922 2948 2956 2941 2922 2896 2869 2846 2828 2805 2777 2753 2731 2713 2699 2689 2684 2677 2674 2667 2653 2633 2608 2591 2576 2561 2544 2521 2497 2475 2449 2424 2388 2361 2322 2277 2222 2176 2111 2058 2002 1961 1936 1935 1942 1963 1991 2014 2043 2082 2127 2158
2422 2354 2299 2233 2136 2118 2116 2117 2118 2115 2115 2106 2100 2106 2128 2177 2276 2366 2452 2512 2577 2652 2703 2777 2842 2881 2855 2848 2868 2888 2896 2918 2946 2962 2939 2915 2903 2882 2859 2847 2837 2816 2770 2735 2704 2687 2685 2687 2687 2680 2680 2680 2659 2630 2602 2582 2577 2570 2554 2531 2503 2482 2468 2468 2450 2419 2373 2320 2264 2210 2136 2079 2027 1975 1931 1908 1901 1911 1939 1964 1978 2011 2056 2107
2337 2293 2270 2227 2123 2105 2108 2108 2107 2108 2105 2101 2099 2101 2127 2193 2308 2396 2460 2523 2595 2667 2730 2790 2833 2818 2796 2810 2831 2866 2908 2946 2974 2982 2955 2923 2906 2893 2874 2866 2851 2829 2785 2743 2704 2688 2691 2695 2691 2692 2689 2671 2649 2625 2602 2598 2607 2601 2582 2562 2533 2509 2486 2463 2438 2412 2378 2330 2279 2229 2178 2116 2053 1997 1933 1899 1871 1867 1882 1906 1934 1956 1997 2060
2239 2230 2190 2134 2088 2088 2090 2093 2090 2098 2097 2096 2096 2099 2137 2225 2351 2440 2498 2557 2643 2706 2758 2793 2781 2757 2753 2767 2791 2834 2895 2937 2973 2988 2972 2955 2938 2916 2899 2880 2859 2828 2779 2749 2723 2711 2704 2704 2704 2700 2679 2659 2637 2621 2615 2605 2598 2588 2572 2546 2517 2492 2459 2428 2406 2381 2356 2323 2289 2255 2196 2142 2083 2032 1954 1900 1867 1844 1839 1855 1884 1912 1942 1990
2160 2121 2089 2055 2065 2075 2074 2078 2086 2092 2091 2091 2089 2104 2162 2255 2353 2430 2485 2552 2647 2696 2726 2732 2727 2733 2737 2752 2770 2802 2853 2914 2956 2958 2929 2917 2909 2895 2879 2858 2838 2817 2789 2758 2740 2729 2727 2723 2722 2707 2679 2661 2634 2617 2599 2583 2567 2558 2541 2510 2484 2465 2438 2406 2375 2353 2323 2297 2265 2230 2191 2145 2097 2043 1972 1921 1874 1839 1821 1819 1845 1870 1897 1921
2048 2033 2031 2033 2051 2061 2065 2072 2081 2084 2085 2087 2098 2131 2194 2242 2338 2409 2488 2548 2631 2656 2663 2678 2702 2726 2744 2765 2789 2812 2846 2886 2931 2936 2902 2881 2867 2849 2837 2828 2827 2818 2793 2769 2760 2750 2747 2743 2724 2702 2681 2655 2638 2622 2594 2561 2540 2520 2501 2472 2447 2431 2413 2389 2363 2332 2301 2269 2240 2210 2174 2136 2100 2048 2004 1950 1899 1853 1817 1804 1808 1822 1851 1879
2014 2019 2027 2033 2045 2055 2061 2069 2076 2079 2082 2092 2119 2160 2205 2257 2318 2408 2482 2556 2609 2620 2632 2661 2691 2732 2767 2809 2836 2858 2886 2905 2922 2894 2872 2861 2841 2814 2799 2797 2810 2815 2803 2790 2782 2778 2773 2750 2720 2691 2669 2660 2648 2642 2614 2575 2542 2517 2495 2456 2431 2413 2396 2376 2354 2326 2295 2259 2230 2189 2142 2108 2080 2043 2000 1949 1903 1858 1823 1795 1781 1790 1815 1847
2002 2012 2023 2029 2041 2049 2060 2063 2068 2076 2093 2125 2165 2197 2224 2272 2340 2413 2487 2543 2580 2606 2634 2668 2708 2758 2810 2862 2891 2906 2892 2876 2860 2839 2822 2807 2794 2777 2765 2771 2790 2807 2810 2795 2781 2777 2773 2756 2729 2703 2688 2684 2670 2654 2633 2616 2592 2565 2537 2503 2464 2446 2433 2418 2394 2359 2323 2297 2264 2220 2175 2127 2089 2049 2008 1967 1919 1865 1822 1780 1759 1758 1786 1816
1989 2000 2012 2023 2034 2050 2070 2059 2084 2100 2147 2191 2217 2247 2277 2317 2365 2437 2473 2521 2564 2602 2650 2705 2751 2797 2832 2871 2889 2871 2849 2837 2820 2800 2775 2756 2737 2731 2733 2751 2776 2785 2773 2761 2749 2743 2743 2744 2734 2716 2699 2681 2668 2652 2636 2622 2598 2572 2548 2534 2516 2501 2488 2467 2439 2398 2357 2321 2283 2239 2202 2165 2127 2075 2028 1976 1923 1868 1823 1777 1749 1739 1752 1783
1972 1977 1986 2013 2071 2137 2185 2191 2225 2232 2250 2276 2298 2322 2351 2376 2415 2439 2482 2528 2572 2631 2694 2745 2790 2818 2841 2854 2843 2828 2816 2805 2787 2767 2740 2721 2710 2715 2726 2737 2746 2747 2742 2735 2728 2717 2717 2723 2723 2703 2680 2663 2651 2632 2618 2605 2583 2555 2532 2520 2501 2485 2478 2472 2442 2400 2362 2324 2289 2259 2227 2188 2151 2110 2043 1990 1934 1874 1829 1791 1749 1726 1727 1750
1952 1958 2032 2109 2167 2197 2216 2232 2241 2252 2276 2304 2333 2371 2387 2411 2440 2465 2500 2544 2617 2682 2739 2778 2822 2850 2848 2824 2805 2795 2781 2773 2758 2739 2719 2708 2706 2708 2714 2709 2702 2703 2706 2701 2699 2696 2695 2702 2704 2689 2669 2648 2631 2611 2595 2580 2557 2529 2506 2490 2471 2452 2448 2447 2440 2413 2369 2329 2296 2263 2232 2187 2146 2106 2054 2001 1938 1880 1831 1787 1749 1719 1706 1712
1969 2039 2099 2150 2183 2194 2198 2212 2220 2236 2268 2304 2332 2363 2385 2424 2467 2501 2548 2614 2674 2721 2753 2783 2809 2831 2822 2794 2778 2763 2745 2730 2725 2719 2706 2701 2695 2691 2686 2674 2666 2667 2672 2669 2663 2662 2672 2703 2698 2670 2644 2626 2603 2583 2566 2544 2516 2491 2471 2450 2429 2412 2403 2408 2411 2400 2369 2340 2307 2264 2228 2178 2144 2109 2062 2013 1954 1900 1844 1795 1746 1713 1686 1681
1955 2062 2105 2147 2169 2157 2163 2180 2193 2221 2259 2288 2312 2345 2384 2429 2482 2535 2584 2632 2676 2719 2751 2776 2798 2812 2798 2774 2747 2724 2704 2691 2687 2683 2675 2668 2661 2651 2645 2642 2640 2635 2632 2630 2624 2631 2649 2677 2688 2654 2619 2598 2575 2552 2526 2501 2479 2455 2430 2408 2384 2368 2358 2355 2362 2369 2360 2337 2305 2282 2251 2208 2167 2120 2075 2026 1978 1925 1869 1808 1749 1707 1679 1664
1927 2050 2090 2135 2137 2120 2121 2142 2170 2204 2238 2262 2302 2342 2388 2434 2488 2536 2585 2635 2689 2732 2769 2805 2836 2832 2787 2750 2720 2699 2680 2671 2661 2656 2644 2631 2622 2616 2611 2613 2611 2603 2589 2586 2579 2575 2586 2598 2630 2631 2603 2575 2556 2534 2507 2478 2453 2432 2400 2370 2346 2331 2317 2306 2305 2312 2314 2302 2296 2285 2251 2208 2174 2120 2084 2040 1989 1937 1885 1829 1770 1719 1679 1652
1885 2007 2061 2098 2092 2079 2089 2114 2150 2183 2211 2254 2304 2358 2405 2457 2505 2553 2607 2659 2708 2748 2778 2799 2830 2824 2777 2735 2711 2702 2693 2677 2664 2647 2623 2604 2596 2592 2594 2594 2585 2564 2543 2530 2519 2516 2519 2533 2556 2578 2583 2570 2544 2515 2487 2455 2435 2408 2382 2348 2313 2292 2276 2260 2248 2239 2236 2239 2239 2236 2219 2198 2171 2132 2094 2055 2006 1950 1896 1847 1796 1743 1695 1658
1862 1949 2009 2031 2043 2043 2060 2094 2125 2158 2202 2247 2303 2356 2410 2460 2509 2557 2603 2642 2689 2725 2743 2767 2794 2791 2748 2724 2710 2697 2688 2678 2660 2641 2612 2589 2574 2570 2583 2583 2562 2533 2501 2476 2461 2460 2466 2473 2480 2500 2529 2537 2530 2514 2482 2446 2417 2392 2359 2333 2302 2275 2256 2229 2201 2178 2161 2157 2158 2168 2169 2162 2148 2122 2091 2054 2008 1959 1905 1864 1822 1774 1721 1674
1844 1907 1974 1986 1990 2006 2036 2065 2100 2148 2195 2248 2307 2351 2400 2443 2486 2531 2566 2608 2649 2677 2691 2719 2750 2771 2745 2729 2710 2691 2687 2678 2658 2636 2612 2585 2563 2553 2559 2558 2542 2513 2475 2447 2425 2416 2417 2424 2430 2435 2445 2463 2474 2486 2483 2462 2440 2402 2358 2332 2309 2291 2267 2231 2192 2149 2116 2098 2091 2095 2101 2108 2099 2088 2071 2045 2015 1987 1941 1889 1851 1796 1744 1697
1832 1862 1922 1947 1973 1995 2017 2045 2089 2140 2190 2245 2288 2330 2373 2414 2457 2500 2544 2585 2610 2632 2653 2680 2705 2744 2740 2726 2714 2704 2695 2670 2646 2630 2609 2590 2567 2551 2539 2521 2508 2494 2460 2430 2409 2396 2392 2389 2392 2388 2390 2395 2402 2422 2438 2442 2443 2430 2403 2386 2354 2329 2290 2258 2225 2165 2107 2067 2035 2025 2027 2038 2044 2047 2039 2024 2002 1984 1956 1921 1875 1834 1781 1737
1818 1834 1879 1919 1949 1975 1999 2037 2086 2126 2175 2221 2271 2317 2365 2426 2467 2512 2552 2567 2581 2599 2626 2662 2688 2716 2722 2715 2707 2704 2692 2668 2642 2621 2606 2587 2562 2535 2507 2478 2462 2451 2442 2422 2406 2396 2386 2372 2361 2346 2336 2336 2341 2350 2373 2392 2396 2393 2391 2382 2363 2338 2311 2268 2229 2174 2128 2072 2026 1988 1968 1969 1977 1994 1997 1987 1965 1946 1923 1893 1855 1824 1791 1757
1809 1808 1840 1888 1925 1954 1988 2035 2084 2134 2183 2226 2279 2327 2382 2435 2475 2512 2539 2541 2549 2570 2605 2639 2679 2708 2708 2695 2692 2690 2675 2651 2631 2613 2604 2584 2553 2524 2477 2442 2423 2415 2415 2415 2409 2394 2369 2344 2322 2309 2293 2289 2294 2300 2308 2323 2329 2333 2348 2353 2346 2322 2294 2256 2204 2150 2102 2053 2021 1977 1934 1897 1898 1919 1941 1934 1919 1896 1877 1846 1817 1794 1770 1746
1811 1799 1814 1854 1900 1953 2012 2064 2126 2165 2211 2254 2313 2357 2397 2446 2476 2498 2500 2502 2514 2538 2566 2609 2657 2691 2700 2676 2667 2666 2656 2643 2630 2606 2586 2564 2542 2519 2481 2431 2407 2402 2400 2401 2396 2391 2362 2325 2298 2280 2268 2258 2253 2252 2252 2255 2259 2269 2289 2312 2312 2303 2282 2248 2197 2140 2082 2045 2004 1969 1923 1861 1828 1845 1870 1871 1867 1850 1830 1804 1783 1762 1741 1723
1806 1794 1792 1828 1902 1975 2030 2080 2129 2173 2219 2257 2306 2351 2387 2423 2445 2458 2460 2464 2483 2509 2553 2603 2651 2684 2681 2652 2645 2639 2629 2615 2609 2598 2568 2546 2528 2512 2482 2445 2423 2404 2402 2393 2380 2374 2357 2324 2285 2260 2242 2227 2220 2215 2203 2195 2188 2196 2207 2230 2251 2262 2256 2234 2205 2160 2110 2062 2027 1985 1939 1895 1823 1779 1783 1805 1813 1808 1789 1767 1748 1726 1707 1692
1791 1785 1786 1827 1903 1945 2003 2047 2099 2149 2192 2243 2283 2317 2350 2378 2401 2411 2417 2431 2455 2496 2539 2586 2625 2650 2628 2605 2603 2600 2585 2575 2575 2583 2575 2562 2534 2518 2485 2461 2440 2432 2420 2397 2369 2350 2339 2322 2290 2264 2233 2211 2193 2182 2169 2149 2135 2135 2134 2153 2177 2190 2198 2189 2174 2147 2108 2074 2023 1982 1932 1894 1834 1777 1731 1730 1748 1754 1748 1733 1713 1694 1678 1659
1779 1775 1767 1798 1867 1915 1967 2002 2061 2146 2190 2229 2246 2277 2309 2337 2352 2365 2378 2404 2441 2480 2519 2560 2592 2603 2581 2560 2558 2556 2548 2547 2557 2567 2571 2577 2558 2525 2498 2469 2449 2439 2427 2407 2375 2354 2325 2304 2278 2252 2221 2200 2180 2164 2143 2115 2083 2071 2068 2067 2100 2125 2129 2131 2131 2120 2091 2068 2010 1968 1928 1879 1824 1769 1719 1684 1688 1701 1712 1707 1687 1663 1641 1620
1765 1758 1753 1755 1801 1849 1916 1972 2070 2144 2184 2200 2213 2232 2263 2295 2310 2320 2346 2380 2421 2456 2491 2519 2542 2544 2526 2525 2528 2527 2524 2525 2530 2539 2553 2564 2545 2520 2500 2480 2464 2441 2423 2406 2378 2357 2334 2309 2280 2253 2219 2197 2178 2150 2120 2085 2052 2019 2010 2010 2015 2035 2050 2065 2077 2071 2055 2033 1990 1957 1922 1876 1833 1786 1737 1694 1653 1644 1661 1670 1653 1628 1604 1582
1756 1749 1738 1731 1740 1792 1873 1940 2028 2098 2138 2154 2164 2190 2211 2241 2265 2290 2325 2362 2394 2423 2443 2461 2475 2482 2480 2487 2496 2497 2492 2496 2499 2514 2538 2545 2529 2513 2497 2481 2463 2440 2418 2392 2360 2346 2333 2312 2297 2284 2271 2248 2208 2170 2128 2087 2039 1997 1968 1942 1947 1954 1976 1991 2007 2014 2005 1980 1954 1931 1902 1870 1840 1803 1761 1725 1671 1628 1607 1620 1614 1592 1572 1554
1753 1737 1723 1704 1702 1724 1804 1890 1956 2027 2078 2108 2124 2146 2167 2197 2228 2274 2310 2339 2361 2379 2388 2396 2408 2416 2427 2442 2453 2453 2460 2471 2487 2513 2544 2545 2524 2508 2491 2476 2454 2438 2424 2393 2354 2346 2359 2353 2341 2330 2300 2277 2247 2213 2161 2107 2052 2005 1963 1919 1886 1883 1893 1919 1938 1946 1944 1923 1907 1881 1862 1838 1812 1776 1743 1718 1694 1657 1606 1581 1579 1558 1536 1520
1786 1763 1727 1697 1682 1698 1760 1852 1911 2005 2062 2086 2096 2110 2134 2163 2202 2244 2282 2308 2321 2331 2334 2340 2349 2365 2384 2398 2410 2419 2440 2468 2505 2531 2540 2531 2511 2494 2477 2463 2449 2440 2432 2420 2383 2382 2393 2385 2357 2324 2300 2290 2264 2219 2176 2130 2083 2013 1962 1914 1874 1841 1833 1850 1874 1886 1885 1873 1859 1836 1814 1797 1775 1738 1711 1693 1673 1642 1608 1569 1539 1528 1508 1492
