Assets/TerrainData/appRasterSelectAPIService1698162380677-1111822116.asc
ncols        383
nrows        154
xllcorner    7.923749999957
yllcorner    46.386250000003
cellsize     0.000833333333
NODATA_value 0
[rows 0 to 37 of 154, columns 0 to 83 of 383]
2380 2440 2522 2575 2640 2705 2747 2818 2867 2891 2917 2926 2923 2933 2947 2962 2975 2992 3006 3023 3044 3057 3064 3067 3080 3091 3102 3112 3142 3189 3241 3278 3264 3228 3262 3246 3266 3261 3272 3312 3367 3421 3475 3518 3528 3548 3575 3587 3600 3650 3693 3750 3792 3832 3819 3774 3722 3679 3654 3620 3582 3517 3471 3450 3441 3427 3414 3416 3409 3396 3381 3366 3346 3328 3316 3316 3315 3315 3342 3437 3547 3597 3610 3591
2399 2451 2537 2585 2640 2681 2732 2815 2877 2930 2956 2973 2971 2977 2979 2993 3004 3017 3029 3049 3073 3093 3108 3128 3130 3140 3148 3163 3205 3247 3326 3368 3395 3411 3410 3418 3447 3359 3358 3393 3454 3508 3571 3604 3610 3673 3708 3724 3747 3768 3808 3834 3859 3853 3823 3777 3733 3676 3620 3557 3525 3493 3455 3423 3406 3392 3388 3385 3379 3372 3358 3338 3318 3306 3295 3295 3293 3290 3296 3312 3462 3540 3556 3548
2406 2454 2536 2613 2648 2702 2772 2823 2872 2918 2954 2990 3018 3020 3021 3034 3039 3051 3067 3075 3104 3131 3149 3165 3168 3177 3192 3226 3283 3343 3392 3441 3493 3515 3553 3577 3581 3473 3471 3498 3550 3584 3648 3702 3721 3780 3821 3832 3844 3856 3858 3853 3856 3850 3845 3802 3756 3697 3638 3573 3508 3474 3449 3417 3386 3366 3352 3350 3345 3333 3320 3309 3296 3288 3278 3276 3277 3274 3273 3277 3373 3467 3496 3494
2443 2504 2574 2643 2700 2737 2795 2841 2875 2917 2946 2986 3031 3061 3073 3078 3091 3111 3139 3155 3198 3218 3247 3263 3266 3281 3324 3360 3417 3472 3492 3507 3552 3587 3610 3625 3630 3568 3555 3607 3638 3687 3731 3784 3817 3839 3847 3829 3811 3798 3793 3785 3801 3804 3811 3790 3760 3712 3659 3614 3561 3497 3447 3406 3360 3328 3313 3307 3301 3293 3279 3264 3250 3243 3241 3243 3247 3245 3247 3254 3295 3385 3423 3440
2503 2557 2619 2684 2755 2797 2844 2872 2910 2934 2962 3019 3058 3090 3130 3156 3176 3197 3226 3258 3291 3323 3358 3393 3415 3438 3474 3509 3560 3589 3589 3592 3630 3668 3679 3690 3675 3642 3647 3691 3725 3753 3775 3794 3815 3821 3804 3782 3766 3746 3737 3725 3717 3709 3712 3738 3746 3716 3644 3599 3545 3506 3457 3403 3348 3310 3292 3282 3274 3262 3242 3223 3205 3193 3192 3197 3208 3212 3216 3226 3243 3307 3353 3377
2593 2626 2670 2726 2793 2839 2886 2927 2960 2980 3005 3036 3081 3119 3150 3197 3233 3265 3320 3355 3405 3427 3486 3546 3595 3640 3648 3646 3675 3714 3694 3697 3720 3744 3760 3768 3738 3727 3729 3737 3749 3756 3761 3768 3777 3772 3755 3738 3724 3711 3699 3685 3670 3657 3654 3670 3691 3682 3648 3619 3578 3527 3467 3408 3365 3313 3288 3275 3263 3251 3232 3213 3195 3175 3161 3162 3165 3170 3182 3192 3212 3248 3301 3329
2670 2697 2719 2759 2820 2873 2905 2961 3003 3040 3067 3087 3109 3131 3159 3209 3256 3341 3402 3471 3513 3586 3635 3688 3719 3728 3736 3742 3765 3786 3796 3810 3824 3842 3849 3830 3807 3783 3770 3766 3761 3755 3747 3738 3731 3721 3709 3696 3685 3674 3665 3654 3646 3632 3621 3612 3615 3616 3591 3582 3590 3570 3522 3455 3378 3310 3272 3257 3247 3239 3226 3215 3195 3170 3150 3140 3143 3149 3156 3167 3186 3216 3249 3285
2733 2759 2800 2806 2845 2880 2942 2996 3032 3076 3108 3132 3152 3162 3185 3220 3299 3388 3482 3558 3637 3718 3753 3777 3789 3792 3795 3801 3813 3829 3843 3855 3876 3899 3918 3916 3887 3841 3818 3794 3774 3757 3743 3726 3710 3691 3682 3672 3661 3652 3645 3637 3630 3617 3599 3581 3569 3561 3555 3543 3542 3526 3487 3451 3405 3348 3256 3241 3228 3218 3208 3197 3179 3156 3138 3129 3125 3129 3132 3139 3152 3184 3220 3238
2775 2814 2841 2853 2876 2903 2963 3028 3069 3100 3139 3165 3186 3191 3213 3283 3374 3480 3547 3641 3723 3765 3782 3787 3791 3796 3804 3812 3819 3825 3828 3831 3847 3875 3908 3926 3922 3908 3874 3841 3810 3777 3750 3727 3707 3689 3672 3661 3651 3641 3633 3620 3608 3596 3576 3564 3546 3530 3514 3494 3481 3462 3441 3417 3390 3335 3251 3220 3205 3196 3181 3169 3152 3136 3125 3117 3112 3110 3109 3114 3124 3148 3179 3201
2822 2851 2867 2891 2914 2955 2999 3049 3081 3132 3193 3214 3249 3277 3333 3399 3479 3569 3622 3686 3731 3748 3746 3743 3749 3757 3769 3776 3780 3787 3789 3791 3805 3835 3858 3876 3886 3901 3901 3903 3875 3828 3778 3747 3719 3695 3672 3654 3640 3629 3615 3596 3584 3574 3559 3544 3523 3505 3483 3465 3447 3433 3413 3396 3368 3319 3260 3226 3200 3183 3168 3149 3135 3126 3116 3109 3102 3097 3094 3095 3096 3111 3137 3153
2865 2887 2909 2932 2961 2997 3031 3074 3101 3190 3273 3332 3383 3433 3485 3538 3608 3684 3698 3711 3712 3710 3712 3711 3715 3719 3725 3732 3734 3739 3750 3755 3765 3790 3810 3824 3841 3863 3882 3911 3922 3907 3849 3811 3756 3719 3681 3652 3628 3609 3589 3568 3555 3546 3530 3510 3493 3473 3457 3443 3421 3406 3391 3374 3351 3315 3272 3227 3193 3173 3157 3137 3124 3117 3108 3100 3092 3086 3083 3084 3077 3078 3089 3106
2894 2917 2937 2963 2988 3025 3057 3091 3145 3246 3361 3442 3508 3562 3604 3691 3709 3717 3711 3693 3686 3680 3683 3687 3689 3687 3690 3696 3701 3706 3717 3724 3733 3750 3766 3786 3809 3841 3867 3888 3902 3907 3904 3902 3870 3805 3734 3678 3635 3593 3571 3553 3533 3516 3501 3481 3462 3444 3426 3410 3396 3375 3359 3343 3320 3295 3269 3225 3180 3150 3136 3124 3113 3103 3095 3083 3079 3076 3074 3072 3065 3054 3051 3058
2967 2971 2990 2999 3022 3066 3096 3146 3211 3330 3431 3514 3587 3653 3712 3721 3708 3691 3683 3674 3668 3667 3666 3667 3667 3666 3665 3668 3674 3678 3680 3691 3700 3719 3736 3756 3799 3836 3846 3851 3854 3861 3879 3888 3861 3820 3772 3720 3653 3594 3558 3533 3509 3496 3475 3456 3436 3419 3404 3384 3369 3347 3329 3313 3293 3270 3246 3216 3176 3138 3119 3108 3098 3088 3076 3064 3059 3059 3062 3060 3052 3038 3030 3032
3035 3058 3081 3095 3134 3163 3172 3211 3299 3392 3469 3574 3666 3703 3708 3689 3672 3663 3656 3654 3652 3652 3653 3652 3652 3653 3649 3645 3646 3649 3656 3671 3686 3696 3712 3739 3783 3818 3816 3806 3802 3814 3844 3857 3837 3792 3741 3692 3634 3586 3538 3506 3486 3471 3454 3432 3410 3393 3380 3359 3345 3327 3307 3289 3266 3244 3225 3203 3178 3149 3121 3098 3085 3070 3054 3042 3043 3043 3045 3047 3041 3031 3016 3011
3095 3131 3158 3175 3201 3223 3245 3305 3377 3459 3533 3622 3676 3685 3667 3656 3650 3645 3642 3641 3641 3637 3635 3633 3631 3629 3628 3623 3623 3626 3634 3645 3660 3670 3682 3719 3760 3773 3766 3749 3749 3753 3770 3784 3794 3773 3739 3658 3593 3546 3512 3482 3460 3446 3429 3412 3391 3375 3359 3336 3320 3305 3288 3267 3244 3223 3199 3182 3169 3148 3125 3094 3078 3061 3043 3030 3022 3021 3026 3029 3027 3018 3007 2998
3099 3140 3178 3209 3240 3272 3320 3380 3436 3515 3594 3662 3682 3669 3654 3646 3641 3639 3637 3631 3628 3624 3622 3619 3614 3609 3605 3605 3606 3605 3612 3622 3630 3638 3650 3682 3718 3730 3724 3710 3696 3683 3676 3689 3715 3726 3709 3651 3583 3533 3497 3470 3448 3431 3411 3391 3371 3354 3335 3315 3296 3278 3265 3246 3227 3212 3189 3167 3152 3136 3116 3091 3070 3051 3033 3019 3011 3006 3008 3011 3012 3007 2997 2992
3119 3153 3194 3237 3278 3320 3377 3447 3507 3576 3647 3689 3687 3666 3653 3645 3640 3637 3630 3626 3622 3617 3614 3609 3606 3600 3597 3596 3597 3595 3597 3597 3599 3607 3617 3645 3672 3692 3698 3684 3653 3631 3608 3598 3608 3652 3687 3664 3602 3556 3508 3475 3448 3428 3403 3380 3356 3332 3311 3291 3277 3260 3244 3230 3218 3205 3184 3161 3139 3125 3105 3082 3060 3038 3024 3012 3000 2990 2992 2994 2998 2996 2990 2987
3156 3203 3262 3311 3343 3386 3434 3525 3588 3658 3704 3715 3698 3669 3651 3644 3638 3634 3626 3621 3616 3616 3609 3603 3600 3596 3593 3590 3589 3587 3587 3584 3584 3589 3594 3615 3639 3663 3686 3664 3602 3578 3560 3544 3545 3577 3644 3677 3638 3587 3542 3499 3467 3434 3407 3382 3356 3324 3300 3280 3266 3252 3234 3216 3206 3193 3176 3159 3138 3116 3094 3075 3052 3030 3017 3000 2991 2985 2977 2976 2978 2983 2983 2980
3322 3376 3414 3473 3495 3543 3595 3641 3693 3736 3765 3743 3706 3672 3645 3637 3634 3627 3619 3617 3613 3608 3603 3599 3596 3591 3587 3585 3583 3580 3580 3578 3577 3579 3582 3592 3611 3634 3661 3619 3554 3525 3512 3503 3506 3524 3591 3657 3678 3653 3617 3571 3533 3478 3419 3390 3357 3328 3307 3281 3263 3242 3224 3210 3199 3187 3171 3153 3135 3111 3092 3073 3053 3031 3010 2994 2984 2977 2972 2968 2967 2971 2976 2973
3468 3531 3595 3620 3651 3688 3724 3762 3799 3825 3836 3818 3747 3672 3638 3628 3626 3619 3611 3606 3604 3600 3592 3589 3585 3582 3577 3576 3575 3574 3572 3571 3573 3572 3573 3572 3589 3623 3614 3565 3507 3493 3487 3480 3479 3487 3548 3614 3655 3664 3646 3617 3564 3522 3480 3446 3402 3359 3322 3289 3267 3245 3223 3202 3188 3176 3164 3149 3129 3108 3088 3069 3048 3030 3010 2987 2979 2970 2966 2963 2962 2968 2968 2967
3569 3604 3687 3745 3777 3785 3781 3781 3797 3820 3845 3844 3794 3696 3644 3624 3618 3612 3605 3599 3593 3586 3581 3575 3568 3564 3563 3562 3562 3564 3563 3564 3562 3560 3557 3550 3546 3563 3562 3495 3461 3449 3456 3455 3446 3444 3495 3555 3591 3603 3580 3554 3516 3487 3453 3432 3417 3396 3354 3314 3284 3261 3233 3207 3186 3168 3153 3138 3121 3102 3076 3051 3034 3018 3002 2984 2970 2961 2961 2959 2958 2960 2958 2961
3660 3730 3775 3773 3765 3753 3750 3760 3774 3790 3821 3840 3802 3735 3643 3617 3607 3602 3597 3588 3580 3577 3570 3562 3555 3547 3546 3548 3548 3551 3551 3552 3549 3544 3537 3526 3519 3508 3491 3452 3429 3421 3418 3412 3410 3411 3436 3485 3519 3550 3539 3492 3458 3419 3377 3363 3352 3348 3359 3337 3295 3270 3243 3220 3195 3172 3151 3134 3118 3104 3078 3049 3022 3001 2987 2977 2960 2953 2954 2957 2957 2958 2956 2955
3726 3754 3743 3724 3710 3706 3720 3733 3752 3786 3834 3847 3789 3707 3631 3614 3599 3593 3586 3577 3573 3567 3560 3552 3545 3538 3536 3535 3535 3538 3538 3536 3533 3524 3516 3504 3491 3472 3454 3430 3400 3389 3388 3387 3387 3383 3391 3427 3466 3508 3506 3437 3378 3351 3318 3307 3297 3298 3300 3299 3299 3279 3247 3221 3196 3175 3151 3135 3124 3113 3093 3066 3036 3007 2989 2972 2957 2951 2946 2948 2952 2953 2951 2952
3733 3716 3696 3684 3680 3680 3698 3713 3754 3816 3846 3826 3758 3683 3632 3609 3593 3586 3579 3574 3567 3559 3551 3542 3535 3529 3527 3526 3528 3528 3525 3520 3514 3505 3493 3476 3461 3440 3417 3399 3376 3364 3359 3359 3355 3353 3351 3367 3442 3482 3488 3407 3343 3300 3289 3282 3275 3273 3269 3265 3278 3305 3294 3257 3211 3181 3160 3144 3128 3117 3107 3088 3060 3032 2999 2970 2954 2949 2944 2942 2943 2944 2945 2944
3697 3700 3670 3655 3652 3663 3682 3702 3757 3809 3821 3806 3753 3680 3630 3603 3586 3581 3574 3567 3557 3550 3542 3533 3527 3523 3524 3524 3524 3524 3520 3515 3506 3489 3470 3458 3442 3421 3398 3377 3355 3338 3325 3320 3318 3318 3321 3330 3396 3446 3458 3401 3330 3285 3276 3266 3257 3251 3247 3245 3245 3258 3286 3313 3293 3234 3183 3151 3130 3116 3107 3096 3070 3040 3009 2977 2959 2948 2942 2938 2936 2936 2936 2935
3695 3678 3627 3623 3633 3645 3673 3710 3750 3754 3763 3764 3751 3682 3631 3601 3586 3578 3570 3557 3547 3540 3531 3525 3522 3520 3520 3519 3519 3520 3515 3509 3496 3483 3468 3450 3429 3407 3386 3365 3344 3319 3300 3294 3290 3292 3296 3308 3346 3390 3428 3408 3347 3278 3255 3244 3233 3224 3217 3217 3218 3220 3234 3258 3286 3271 3228 3183 3148 3121 3103 3088 3069 3046 3020 2987 2960 2940 2934 2930 2929 2930 2928 2928
3689 3612 3585 3586 3603 3638 3667 3686 3682 3685 3694 3696 3707 3696 3645 3605 3584 3574 3563 3556 3545 3533 3521 3516 3515 3514 3513 3514 3515 3515 3508 3502 3489 3476 3463 3446 3427 3402 3379 3361 3342 3321 3297 3281 3276 3278 3285 3287 3292 3337 3356 3406 3376 3286 3231 3218 3206 3194 3180 3184 3188 3196 3204 3211 3234 3258 3245 3213 3184 3152 3125 3098 3075 3048 3029 3001 2973 2945 2927 2925 2922 2922 2923 2922
3630 3560 3544 3550 3562 3607 3621 3613 3605 3605 3605 3623 3639 3657 3655 3608 3588 3571 3560 3552 3540 3528 3516 3508 3507 3506 3506 3509 3508 3506 3500 3494 3485 3469 3455 3439 3418 3395 3370 3352 3335 3312 3292 3279 3271 3272 3275 3276 3270 3274 3326 3383 3367 3318 3220 3206 3194 3180 3162 3154 3154 3160 3169 3176 3188 3209 3229 3218 3197 3174 3147 3116 3094 3063 3033 3008 2977 2949 2928 2918 2914 2915 2917 2918
3539 3507 3493 3499 3506 3523 3538 3523 3515 3520 3531 3538 3557 3586 3632 3629 3603 3577 3557 3546 3535 3524 3510 3503 3501 3502 3504 3503 3502 3501 3495 3487 3478 3462 3447 3424 3403 3386 3361 3340 3321 3300 3281 3267 3264 3263 3266 3264 3257 3260 3275 3343 3359 3312 3227 3193 3177 3162 3145 3142 3139 3137 3139 3145 3154 3175 3199 3202 3189 3168 3143 3114 3088 3059 3029 3000 2972 2949 2930 2923 2917 2915 2914 2913
3457 3452 3449 3447 3440 3468 3471 3453 3436 3443 3459 3460 3470 3511 3571 3614 3620 3601 3572 3547 3532 3519 3509 3502 3497 3497 3498 3497 3495 3492 3490 3483 3470 3457 3440 3416 3393 3377 3351 3332 3313 3296 3277 3259 3249 3251 3254 3256 3253 3249 3247 3279 3314 3292 3225 3181 3152 3135 3129 3130 3129 3126 3121 3117 3125 3141 3160 3165 3159 3141 3112 3087 3060 3033 3006 2978 2957 2942 2931 2926 2921 2918 2918 2915
3397 3400 3398 3399 3393 3388 3400 3393 3384 3380 3399 3409 3415 3451 3520 3582 3623 3621 3601 3572 3538 3520 3512 3501 3497 3494 3490 3489 3490 3488 3482 3477 3467 3458 3437 3411 3385 3366 3341 3324 3304 3283 3264 3250 3241 3238 3240 3244 3242 3238 3229 3227 3243 3238 3205 3158 3141 3131 3129 3125 3121 3115 3107 3104 3097 3099 3112 3117 3108 3086 3060 3034 3016 2996 2979 2964 2953 2949 2942 2935 2928 2921 2916 2915
3339 3347 3350 3356 3353 3343 3344 3349 3349 3351 3357 3369 3378 3402 3461 3534 3619 3631 3611 3589 3560 3534 3519 3504 3499 3490 3484 3482 3482 3479 3472 3467 3461 3451 3432 3409 3381 3356 3333 3312 3293 3276 3253 3237 3227 3222 3225 3229 3228 3224 3218 3207 3204 3204 3198 3172 3141 3132 3126 3117 3108 3099 3094 3085 3077 3072 3068 3061 3050 3029 3013 3000 2990 2983 2974 2968 2961 2956 2950 2942 2932 2927 2924 2920
3292 3309 3319 3326 3324 3315 3312 3319 3322 3323 3326 3337 3354 3374 3434 3513 3578 3636 3632 3600 3571 3550 3526 3511 3495 3484 3478 3476 3474 3471 3465 3456 3449 3440 3428 3406 3383 3354 3325 3304 3289 3268 3246 3226 3217 3211 3211 3210 3212 3208 3202 3194 3187 3180 3170 3161 3141 3127 3118 3104 3092 3082 3073 3067 3061 3055 3047 3036 3022 3008 2998 2993 2987 2984 2979 2975 2974 2967 2961 2955 2948 2941 2934 2927
3257 3274 3285 3294 3294 3294 3287 3289 3293 3296 3298 3310 3322 3340 3399 3469 3543 3631 3669 3648 3610 3564 3534 3513 3495 3478 3469 3467 3465 3462 3456 3451 3440 3434 3421 3403 3384 3359 3332 3304 3275 3251 3232 3217 3206 3198 3194 3195 3193 3190 3186 3180 3175 3168 3158 3142 3130 3120 3108 3094 3078 3065 3060 3055 3047 3037 3027 3016 3003 2999 2994 2988 2987 2986 2984 2981 2978 2976 2972 2966 2958 2950 2943 2937
3222 3236 3247 3260 3263 3257 3253 3259 3269 3275 3277 3282 3289 3299 3354 3430 3491 3594 3661 3664 3648 3609 3557 3529 3506 3483 3466 3458 3456 3453 3449 3444 3439 3431 3417 3404 3383 3362 3330 3304 3276 3249 3227 3205 3190 3186 3186 3181 3177 3174 3175 3173 3170 3164 3154 3139 3125 3111 3100 3089 3076 3059 3053 3045 3037 3022 3009 3002 2994 2992 2989 2987 2986 2988 2987 2984 2982 2979 2971 2967 2960 2955 2950 2945
3179 3192 3203 3212 3215 3214 3219 3232 3239 3247 3248 3247 3254 3265 3308 3373 3464 3571 3660 3661 3629 3595 3566 3544 3520 3501 3484 3465 3452 3446 3445 3443 3437 3427 3416 3400 3384 3365 3339 3314 3290 3263 3243 3217 3196 3180 3177 3173 3169 3166 3163 3162 3161 3159 3154 3139 3126 3112 3103 3090 3077 3062 3052 3042 3030 3016 3005 3001 2997 2993 2989 2987 2984 2985 2985 2982 2979 2976 2970 2968 2963 2958 2956 2952
3137 3158 3170 3181 3192 3192 3194 3204 3214 3222 3223 3222 3229 3245 3287 3329 3445 3563 3658 3669 3639 3592 3569 3544 3522 3505 3493 3471 3454 3449 3438 3435 3435 3431 3419 3409 3394 3376 3350 3319 3294 3271 3248 3229 3207 3186 3171 3165 3162 3160 3157 3154 3151 3150 3146 3138 3129 3116 3102 3090 3077 3062 3053 3042 3027 3016 3004 2997 2992 2990 2987 2986 2982 2981 2981 2977 2975 2976 2975 2972 2967 2965 2961 2956
3105 3117 3134 3144 3153 3158 3166 3175 3185 3191 3193 3194 3206 3225 3265 3315 3446 3548 3606 3661 3659 3631 3600 3564 3533 3514 3496 3478 3464 3451 3438 3430 3431 3431 3427 3418 3409 3394 3374 3349 3322 3297 3269 3232 3213 3194 3180 3166 3157 3152 3150 3146 3143 3139 3136 3131 3125 3115 3101 3087 3076 3064 3053 3036 3020 3011 3002 2995 2990 2988 2985 2985 2983 2979 2980 2980 2977 2977 2977 2975 2969 2964 2960 2956
