Assets/TerrainData/appRasterSelectAPIService1698152981436-1529073153.asc
ncols        192
nrows        77
xllcorner    7.992083333291
yllcorner    46.397083333336
cellsize     0.000833333333
NODATA_value 0
[rows 38 to 75 of 77, columns 0 to 83 of 192]
3310 3314 3329 3360 3383 3426 3459 3435 3403 3377 3366 3362 3357 3346 3328 3290 3262 3252 3244 3237 3227 3215 3208 3203 3196 3179 3169 3155 3138 3122 3109 3099 3088 3080 3067 3022 2970 2935 2903 2889 2885 2877 2861 2845 2830 2819 2821 2831 2832 2830 2832 2838 2850 2858 2871 2878 2818 2740 2691 2658 2603 2561 2531 2492 2449 2381 2291 2253 2222 2191 2162 2142 2126 2118 2125 2134 2140 2147 2147 2147 2152 2157 2156 2154
3239 3240 3259 3309 3327 3362 3426 3437 3417 3366 3335 3320 3317 3313 3294 3253 3233 3224 3219 3211 3205 3198 3186 3178 3167 3151 3136 3123 3108 3089 3077 3062 3047 3040 3041 3027 2957 2918 2893 2869 2857 2849 2843 2834 2826 2803 2786 2791 2799 2790 2784 2793 2809 2816 2823 2842 2823 2758 2700 2646 2579 2523 2487 2434 2395 2334 2269 2226 2192 2167 2147 2130 2113 2116 2126 2132 2136 2140 2143 2145 2148 2149 2147 2146
3174 3186 3206 3250 3264 3300 3381 3425 3421 3365 3318 3294 3283 3276 3261 3235 3201 3188 3182 3179 3170 3164 3154 3142 3128 3110 3089 3075 3060 3047 3035 3024 3016 3005 3000 3003 2958 2909 2880 2855 2830 2818 2812 2806 2798 2782 2762 2760 2772 2766 2755 2756 2761 2770 2783 2804 2820 2781 2711 2644 2545 2492 2450 2393 2349 2293 2251 2208 2182 2153 2133 2113 2109 2117 2124 2130 2133 2133 2137 2141 2142 2142 2139 2140
3110 3135 3166 3199 3214 3274 3335 3388 3388 3335 3293 3267 3250 3241 3229 3211 3164 3149 3144 3140 3138 3130 3114 3100 3088 3070 3051 3035 3014 3000 2997 2989 2980 2962 2950 2971 2984 2913 2866 2843 2822 2800 2787 2777 2770 2756 2739 2730 2736 2735 2723 2721 2719 2724 2739 2759 2795 2780 2718 2649 2535 2485 2431 2367 2317 2276 2247 2204 2181 2148 2123 2108 2112 2117 2121 2127 2127 2131 2134 2136 2138 2137 2136 2137
3062 3094 3125 3149 3194 3239 3268 3319 3322 3300 3266 3243 3225 3203 3188 3163 3114 3100 3092 3088 3087 3079 3071 3060 3051 3036 3019 2997 2976 2962 2954 2943 2925 2911 2908 2909 2934 2917 2868 2829 2804 2782 2764 2750 2737 2716 2695 2685 2688 2689 2685 2683 2682 2686 2700 2721 2759 2754 2719 2657 2554 2483 2416 2364 2343 2308 2257 2209 2172 2143 2120 2111 2114 2115 2120 2121 2123 2128 2129 2131 2131 2131 2131 2135
3016 3035 3065 3105 3152 3190 3206 3240 3244 3265 3249 3208 3189 3170 3147 3121 3081 3058 3044 3038 3037 3033 3017 3007 2998 2991 2978 2962 2949 2932 2918 2906 2886 2867 2851 2848 2864 2880 2871 2816 2779 2761 2744 2727 2706 2675 2653 2642 2642 2645 2641 2643 2640 2648 2656 2680 2712 2718 2684 2620 2543 2461 2385 2365 2355 2333 2281 2256 2189 2150 2118 2111 2113 2116 2116 2117 2121 2123 2125 2126 2127 2129 2129 2133
2963 2981 3008 3059 3100 3129 3167 3199 3207 3228 3231 3194 3159 3141 3125 3099 3060 3027 3009 2999 2987 2977 2968 2964 2955 2946 2932 2920 2913 2903 2890 2874 2855 2834 2815 2807 2814 2836 2865 2821 2771 2742 2728 2710 2689 2660 2630 2609 2601 2598 2597 2600 2604 2606 2614 2623 2651 2668 2647 2590 2507 2432 2394 2367 2350 2331 2313 2284 2233 2166 2128 2110 2110 2111 2111 2115 2118 2119 2120 2120 2122 2121 2124 2127
2913 2931 2958 3014 3062 3097 3145 3171 3205 3236 3239 3187 3141 3115 3095 3071 3042 3004 2974 2958 2950 2941 2923 2910 2898 2888 2882 2875 2869 2860 2849 2841 2827 2811 2793 2779 2775 2789 2817 2813 2774 2737 2709 2695 2683 2660 2624 2591 2574 2565 2559 2561 2563 2560 2564 2570 2589 2602 2589 2559 2476 2419 2392 2362 2336 2328 2319 2288 2249 2181 2132 2108 2109 2109 2110 2112 2114 2114 2114 2115 2115 2115 2117 2121
2869 2894 2945 2995 3017 3053 3107 3137 3195 3245 3249 3187 3131 3085 3057 3040 3015 2980 2950 2931 2920 2902 2884 2865 2857 2848 2836 2828 2819 2806 2800 2798 2788 2779 2768 2760 2754 2757 2774 2786 2784 2736 2698 2680 2663 2638 2611 2578 2555 2544 2534 2530 2514 2507 2510 2510 2506 2527 2531 2499 2441 2408 2388 2354 2328 2321 2324 2302 2251 2204 2133 2110 2102 2103 2107 2109 2109 2111 2113 2110 2111 2113 2115 2117
2837 2869 2902 2945 2978 3018 3056 3115 3141 3174 3215 3181 3125 3069 3029 3006 2980 2957 2925 2904 2891 2877 2859 2843 2833 2817 2802 2784 2771 2757 2752 2747 2744 2739 2737 2728 2718 2723 2736 2745 2784 2760 2704 2679 2655 2629 2594 2569 2546 2531 2516 2498 2473 2454 2440 2425 2424 2441 2463 2448 2419 2399 2392 2352 2312 2310 2316 2292 2257 2215 2138 2102 2097 2099 2102 2105 2107 2107 2108 2104 2105 2107 2112 2112
2812 2833 2855 2872 2893 2932 2984 3022 3076 3126 3152 3161 3114 3052 3013 2971 2943 2924 2897 2871 2856 2845 2826 2817 2807 2782 2766 2750 2735 2721 2712 2700 2695 2692 2693 2689 2683 2697 2700 2691 2748 2769 2723 2687 2651 2624 2588 2559 2533 2509 2485 2460 2439 2415 2370 2352 2348 2357 2384 2396 2393 2382 2377 2333 2291 2298 2302 2281 2236 2195 2114 2091 2093 2095 2100 2102 2102 2104 2103 2098 2100 2101 2103 2105
2746 2764 2775 2802 2833 2862 2906 2950 2987 3048 3098 3118 3102 3054 2989 2935 2904 2877 2859 2835 2823 2809 2793 2782 2764 2747 2731 2714 2701 2686 2675 2661 2648 2642 2642 2643 2647 2659 2656 2650 2681 2739 2737 2703 2653 2617 2579 2550 2517 2477 2447 2426 2401 2361 2322 2306 2302 2305 2324 2352 2356 2358 2339 2305 2276 2284 2274 2245 2204 2165 2094 2085 2088 2089 2093 2096 2097 2099 2097 2094 2092 2094 2094 2097
2651 2670 2700 2737 2781 2803 2828 2873 2905 2972 3055 3094 3099 3054 3002 2940 2883 2853 2832 2812 2792 2774 2757 2742 2726 2710 2694 2676 2658 2639 2623 2612 2603 2597 2592 2593 2599 2617 2611 2614 2662 2709 2718 2689 2647 2611 2572 2539 2507 2472 2430 2402 2371 2337 2301 2285 2272 2263 2272 2301 2313 2321 2306 2257 2240 2247 2225 2194 2156 2111 2080 2080 2083 2084 2089 2094 2094 2096 2092 2090 2086 2085 2086 2086
2567 2599 2618 2648 2695 2739 2794 2833 2870 2923 3022 3062 3067 3044 2994 2922 2871 2843 2819 2805 2790 2763 2736 2709 2692 2672 2654 2639 2614 2592 2562 2548 2542 2539 2538 2547 2559 2565 2564 2579 2636 2676 2689 2669 2632 2589 2557 2537 2510 2470 2438 2398 2360 2316 2280 2253 2235 2228 2227 2246 2251 2257 2232 2204 2199 2192 2170 2136 2095 2073 2066 2069 2071 2077 2085 2088 2087 2088 2085 2082 2079 2076 2076 2074
2495 2528 2562 2588 2630 2684 2757 2808 2859 2918 2972 3013 3037 3022 2957 2900 2879 2842 2802 2787 2784 2771 2739 2691 2658 2637 2611 2590 2563 2523 2491 2485 2479 2483 2490 2503 2515 2523 2522 2543 2601 2636 2662 2647 2610 2569 2542 2528 2505 2480 2441 2407 2363 2306 2258 2222 2195 2188 2183 2186 2184 2181 2164 2154 2145 2130 2115 2086 2072 2062 2055 2056 2061 2068 2072 2077 2079 2079 2076 2072 2066 2064 2063 2062
2427 2465 2515 2562 2600 2662 2726 2772 2812 2883 2914 2951 2957 2954 2918 2891 2879 2837 2785 2772 2764 2750 2718 2678 2639 2608 2578 2549 2501 2458 2440 2431 2428 2428 2439 2457 2471 2480 2492 2536 2566 2592 2616 2605 2576 2540 2520 2504 2482 2456 2433 2398 2363 2313 2249 2213 2181 2158 2145 2133 2133 2129 2122 2110 2096 2093 2078 2056 2049 2046 2039 2039 2046 2055 2062 2067 2068 2066 2063 2061 2057 2057 2056 2055
2341 2379 2434 2498 2552 2601 2653 2690 2727 2768 2801 2836 2856 2862 2855 2857 2845 2812 2777 2759 2738 2712 2678 2644 2614 2585 2555 2524 2472 2430 2405 2391 2386 2387 2395 2415 2429 2440 2460 2503 2540 2566 2574 2565 2544 2513 2499 2480 2456 2435 2417 2383 2353 2319 2249 2190 2153 2124 2108 2104 2103 2092 2084 2072 2065 2059 2034 2025 2026 2019 2014 2023 2032 2042 2050 2053 2054 2052 2052 2051 2049 2048 2051 2050
2296 2295 2335 2405 2477 2527 2564 2595 2631 2677 2712 2742 2772 2786 2793 2796 2797 2792 2769 2730 2698 2671 2639 2610 2576 2546 2518 2487 2452 2407 2382 2366 2357 2351 2357 2377 2391 2409 2438 2472 2512 2534 2541 2533 2524 2493 2476 2454 2428 2415 2391 2356 2327 2296 2220 2148 2113 2099 2079 2080 2068 2061 2054 2039 2033 2011 1992 1981 1980 1989 2001 2016 2024 2033 2037 2038 2042 2041 2042 2043 2042 2044 2047 2046
2276 2277 2281 2299 2345 2416 2471 2526 2563 2606 2631 2663 2705 2728 2733 2730 2729 2737 2716 2689 2653 2627 2599 2570 2543 2516 2486 2456 2434 2399 2356 2343 2331 2323 2326 2339 2363 2386 2416 2443 2474 2495 2503 2503 2494 2473 2451 2433 2405 2383 2349 2317 2292 2238 2170 2105 2082 2060 2043 2045 2046 2040 2024 2002 1987 1964 1941 1936 1955 1980 1998 2010 2015 2022 2024 2025 2028 2029 2032 2036 2037 2038 2039 2036
2259 2262 2265 2274 2287 2324 2380 2433 2481 2514 2547 2572 2616 2659 2670 2663 2655 2657 2644 2622 2603 2592 2571 2542 2512 2483 2456 2429 2403 2376 2339 2320 2311 2304 2301 2311 2336 2360 2387 2415 2436 2453 2466 2467 2459 2442 2414 2391 2362 2326 2289 2248 2203 2150 2104 2059 2037 2017 2017 2021 2019 2007 1978 1952 1938 1935 1936 1942 1957 1976 1991 2001 2007 2015 2018 2017 2020 2021 2023 2028 2030 2029 2027 2022
2257 2257 2252 2258 2261 2263 2287 2336 2399 2447 2481 2495 2524 2547 2575 2592 2583 2571 2566 2556 2550 2550 2550 2538 2504 2464 2438 2414 2390 2362 2331 2308 2295 2286 2280 2283 2301 2331 2357 2381 2405 2419 2425 2427 2425 2405 2370 2333 2282 2243 2190 2156 2124 2097 2059 2010 1993 1982 1985 1975 1963 1952 1934 1926 1936 1942 1946 1953 1963 1974 1986 1993 1999 2005 2010 2013 2015 2016 2018 2018 2018 2017 2013 2008
2251 2250 2239 2240 2246 2256 2258 2273 2305 2392 2422 2439 2445 2448 2457 2474 2480 2483 2488 2479 2478 2483 2492 2501 2490 2465 2428 2402 2375 2348 2317 2294 2279 2270 2264 2263 2273 2302 2329 2351 2376 2386 2385 2387 2381 2349 2305 2245 2199 2148 2112 2084 2058 2040 1997 1972 1955 1942 1936 1917 1914 1914 1919 1928 1939 1946 1954 1960 1966 1974 1983 1991 1996 2001 2004 2007 2008 2008 2010 2011 2010 2006 2003 1999
2247 2244 2240 2231 2231 2236 2245 2251 2262 2326 2389 2399 2386 2371 2353 2351 2367 2391 2396 2399 2401 2415 2430 2436 2440 2429 2406 2385 2364 2334 2303 2276 2256 2253 2248 2247 2251 2277 2304 2328 2342 2345 2338 2334 2321 2287 2233 2132 2100 2071 2035 2013 1984 1976 1945 1920 1895 1891 1897 1901 1904 1910 1921 1930 1939 1947 1955 1964 1971 1979 1985 1991 1996 1998 1999 2001 2003 2003 2005 2007 2004 1999 1992 2002
2253 2244 2238 2231 2224 2227 2231 2234 2236 2247 2362 2383 2358 2317 2294 2282 2270 2287 2300 2307 2321 2332 2351 2365 2379 2383 2368 2352 2339 2316 2285 2260 2241 2233 2232 2231 2236 2255 2283 2306 2310 2303 2295 2292 2273 2221 2131 2071 2039 2005 1968 1942 1915 1897 1887 1878 1873 1885 1895 1905 1909 1915 1925 1934 1942 1951 1958 1966 1973 1979 1983 1985 1983 1988 1989 1990 1993 1994 1997 1996 1992 1988 1993 2020
2262 2255 2248 2239 2224 2214 2220 2221 2230 2231 2321 2363 2342 2303 2258 2230 2216 2211 2214 2219 2240 2251 2275 2297 2313 2328 2324 2314 2311 2293 2263 2244 2230 2223 2219 2211 2218 2231 2258 2276 2280 2263 2262 2251 2219 2137 2072 2033 1985 1941 1910 1882 1858 1857 1864 1865 1875 1886 1897 1908 1915 1922 1929 1934 1941 1948 1956 1963 1969 1972 1975 1978 1976 1979 1978 1981 1983 1984 1985 1984 1981 1985 2008 2040
2266 2252 2249 2243 2233 2219 2212 2204 2199 2205 2252 2323 2327 2304 2260 2226 2185 2157 2150 2149 2157 2173 2184 2208 2239 2261 2271 2271 2275 2264 2241 2222 2206 2203 2195 2188 2199 2220 2244 2252 2244 2232 2222 2201 2152 2072 2040 1997 1945 1914 1877 1856 1852 1861 1867 1870 1880 1888 1898 1910 1918 1921 1926 1932 1938 1944 1952 1954 1957 1962 1965 1964 1966 1967 1969 1971 1969 1967 1968 1975 1988 2006 2029 2054
2325 2270 2260 2248 2239 2232 2216 2196 2178 2177 2189 2239 2281 2280 2272 2241 2193 2150 2115 2103 2094 2102 2112 2126 2161 2190 2208 2221 2227 2225 2208 2194 2193 2182 2164 2165 2186 2212 2226 2223 2208 2191 2172 2143 2091 2046 2013 1971 1925 1881 1852 1858 1863 1864 1864 1866 1878 1889 1898 1910 1917 1919 1924 1926 1929 1933 1936 1940 1943 1945 1948 1950 1953 1953 1953 1957 1958 1962 1977 1998 2011 2029 2054 2073
2403 2372 2324 2283 2255 2246 2230 2212 2188 2167 2152 2155 2205 2244 2252 2250 2226 2187 2138 2112 2083 2062 2055 2066 2089 2112 2135 2151 2165 2176 2166 2162 2177 2150 2128 2148 2179 2202 2202 2184 2173 2160 2131 2090 2049 2010 1969 1940 1898 1857 1850 1857 1857 1859 1860 1866 1878 1890 1899 1906 1912 1912 1914 1914 1915 1918 1918 1922 1927 1927 1934 1941 1944 1947 1953 1960 1971 1989 2005 2023 2043 2063 2084 2106
2399 2382 2366 2335 2315 2296 2288 2268 2239 2212 2180 2145 2134 2166 2211 2222 2219 2206 2182 2154 2113 2074 2042 2023 2031 2044 2070 2099 2106 2116 2114 2130 2147 2132 2105 2134 2166 2168 2162 2149 2125 2097 2069 2039 2010 1969 1922 1887 1851 1837 1841 1846 1850 1851 1857 1869 1877 1885 1890 1896 1899 1901 1903 1903 1902 1900 1899 1906 1914 1927 1941 1947 1959 1974 1984 1993 2002 2013 2031 2052 2077 2102 2128 2157
2377 2355 2341 2329 2304 2279 2264 2249 2228 2215 2211 2187 2151 2118 2129 2167 2182 2191 2181 2157 2124 2088 2048 2011 1998 1999 2006 2031 2048 2053 2062 2089 2099 2086 2059 2089 2119 2122 2111 2081 2059 2041 2023 1995 1969 1918 1871 1844 1825 1825 1832 1836 1839 1844 1851 1860 1868 1873 1878 1887 1892 1893 1894 1893 1889 1883 1890 1906 1927 1942 1953 1970 1990 2011 2024 2025 2025 2036 2056 2081 2115 2142 2177 2202
2357 2332 2294 2282 2275 2246 2223 2209 2201 2197 2192 2182 2176 2148 2112 2093 2096 2125 2142 2140 2120 2089 2057 2019 1985 1967 1970 1985 1994 2000 2023 2040 2040 2036 2022 2034 2058 2064 2037 2020 2006 1989 1964 1938 1909 1860 1828 1814 1811 1817 1823 1827 1831 1830 1838 1851 1857 1862 1871 1878 1882 1884 1884 1885 1886 1896 1911 1930 1951 1968 1986 2007 2035 2059 2079 2081 2076 2083 2094 2120 2161 2196 2224 2243
2331 2297 2261 2237 2231 2219 2199 2183 2166 2154 2145 2141 2143 2165 2167 2129 2088 2057 2067 2084 2088 2080 2049 2014 1978 1952 1938 1940 1943 1956 1980 1984 1981 1973 1968 1980 1992 1989 1971 1960 1946 1922 1897 1879 1856 1822 1798 1790 1797 1805 1811 1817 1812 1815 1826 1835 1844 1853 1863 1873 1881 1893 1901 1912 1926 1940 1956 1981 2004 2014 2028 2049 2075 2100 2121 2133 2141 2140 2145 2172 2201 2229 2254 2283
2313 2274 2235 2212 2198 2186 2163 2141 2123 2103 2095 2101 2120 2144 2171 2175 2162 2120 2049 2009 2027 2043 2035 2008 1971 1935 1914 1905 1910 1915 1922 1925 1926 1919 1913 1917 1922 1920 1908 1889 1881 1859 1829 1811 1800 1781 1772 1780 1787 1797 1805 1799 1795 1803 1816 1834 1855 1872 1890 1905 1918 1928 1939 1958 1977 1998 2012 2025 2038 2052 2063 2079 2098 2128 2149 2166 2178 2184 2201 2217 2234 2258 2283 2305
2301 2259 2218 2179 2155 2140 2128 2102 2076 2064 2061 2070 2091 2109 2130 2147 2153 2147 2116 2057 1995 1964 1962 1957 1938 1912 1894 1882 1879 1875 1875 1878 1865 1853 1855 1852 1854 1849 1831 1829 1825 1800 1772 1757 1754 1752 1761 1770 1784 1793 1790 1782 1780 1794 1832 1865 1897 1914 1936 1958 1972 1982 2003 2018 2036 2047 2059 2070 2081 2095 2103 2119 2137 2157 2172 2192 2208 2227 2244 2264 2278 2292 2302 2299
2298 2246 2203 2146 2116 2100 2092 2068 2047 2037 2035 2044 2050 2060 2078 2095 2104 2112 2111 2106 2093 2034 1967 1913 1885 1875 1862 1858 1845 1838 1828 1819 1799 1793 1772 1761 1778 1788 1789 1787 1768 1744 1722 1716 1726 1738 1754 1769 1779 1777 1773 1770 1778 1814 1860 1897 1940 1963 1989 2008 2019 2032 2054 2074 2097 2116 2117 2122 2127 2134 2141 2157 2170 2191 2211 2231 2255 2271 2280 2291 2302 2301 2291 2278
2295 2226 2184 2117 2083 2071 2062 2044 2020 2012 2008 2012 2009 2009 2024 2036 2049 2046 2049 2057 2060 2053 2027 1999 1939 1885 1859 1844 1822 1790 1765 1741 1740 1730 1708 1712 1725 1750 1744 1720 1696 1689 1694 1707 1721 1737 1753 1760 1761 1761 1760 1763 1788 1829 1882 1934 1981 2005 2022 2028 2047 2070 2100 2127 2144 2155 2162 2167 2167 2173 2182 2195 2214 2231 2249 2275 2286 2283 2287 2293 2287 2266 2246 2223
2283 2213 2157 2097 2064 2045 2040 2027 1999 1986 1982 1979 1974 1973 1981 1976 1982 1989 2002 2011 2013 2015 2005 1991 1960 1919 1896 1853 1810 1759 1721 1691 1688 1680 1656 1667 1691 1695 1674 1656 1660 1673 1690 1707 1719 1729 1737 1742 1751 1762 1772 1787 1816 1855 1916 1960 2000 2026 2037 2053 2081 2112 2137 2153 2167 2178 2189 2198 2206 2218 2231 2240 2252 2270 2283 2285 2278 2270 2270 2270 2248 2227 2212 2181
2281 2229 2149 2104 2065 2036 2019 2009 1982 1970 1963 1959 1956 1955 1960 1949 1946 1950 1959 1964 1965 1969 1968 1922 1895 1864 1839 1813 1783 1750 1704 1672 1653 1629 1623 1640 1641 1629 1621 1630 1644 1658 1674 1693 1709 1724 1746 1767 1786 1796 1806 1823 1861 1899 1939 1980 2012 2035 2057 2090 2120 2144 2168 2186 2198 2206 2224 2242 2256 2263 2269 2282 2287 2291 2284 2275 2262 2249 2246 2237 2218 2200 2182 2153
